0.253948,-0.1409,-0.173701,0.141016,0.253948,-0.1409,-0.173701,0.141016,0.253948,-0.1409,-0.173701,0.141016,0.253948,-0.1409,-0.173701,0.141016,0.259998,0.141818,-0.16961,-0.138424,0.216643,0.68919,-0.213161,0.433818,0.216643,0.68919,-0.213161,0.433818,0.216643,0.68919,-0.213161,0.433818,0.216643,0.68919,-0.213161,0.433818,0.243618,0.432581,-0.185207,0.688788,
0.253948,-0.1409,-0.173701,0.141016,0.253948,-0.1409,-0.173701,0.141016,0.253948,-0.1409,-0.173701,0.141016,0.253948,-0.1409,-0.173701,0.141016,0.259998,0.141818,-0.16961,-0.138424,0.413812,0.744469,-0.0159921,0.513969,0.413812,0.744469,-0.0159921,0.513969,0.413812,0.744469,-0.0159921,0.513969,0.413812,0.744469,-0.0159921,0.513969,0.440787,0.513969,0.0119622,0.744469,
0.253948,-0.1409,-0.173701,0.141016,0.253948,-0.1409,-0.173701,0.141016,0.253948,-0.1409,-0.173701,0.141016,0.253948,-0.1409,-0.173701,0.141016,0.259998,0.141818,-0.16961,-0.138424,0.297438,0.744469,-0.132365,0.513969,0.297438,0.744469,-0.132365,0.513969,0.297438,0.744469,-0.132365,0.513969,0.297438,0.744469,-0.132365,0.513969,0.324413,0.513969,-0.103125,0.744469,
0.253948,-0.1409,-0.173701,0.141016,0.253948,-0.1409,-0.173701,0.141016,0.253948,-0.1409,-0.173701,0.141016,0.253948,-0.1409,-0.173701,0.141016,0.259998,0.141818,-0.16961,-0.138424,0.366024,0.744469,-0.0637793,0.513969,0.366024,0.744469,-0.0637793,0.513969,0.366024,0.744469,-0.0637793,0.513969,0.366024,0.744469,-0.0637793,0.513969,0.392999,0.513969,-0.0358251,0.744469,
0.253948,-0.1409,-0.173701,0.141016,0.253948,-0.1409,-0.173701,0.141016,0.253948,-0.1409,-0.173701,0.141016,0.253948,-0.1409,-0.173701,0.141016,0.259998,0.141818,-0.16961,-0.138424,0.325643,0.744469,-0.10416,0.513969,0.325643,0.744469,-0.10416,0.513969,0.325643,0.744469,-0.10416,0.513969,0.325643,0.744469,-0.10416,0.513969,0.352618,0.513969,-0.0762061,0.744469,
0.253948,-0.1409,-0.173701,0.141016,0.253948,-0.1409,-0.173701,0.141016,0.253948,-0.1409,-0.173701,0.141016,0.253948,-0.1409,-0.173701,0.141016,0.259998,0.141818,-0.16961,-0.138424,0.349477,0.744469,-0.0803266,0.513969,0.349477,0.744469,-0.0803266,0.513969,0.349477,0.744469,-0.0803266,0.513969,0.349477,0.744469,-0.0803266,0.513969,0.376452,0.513969,-0.0523723,0.744469,
0.253948,-0.1409,-0.173701,0.141016,0.253948,-0.1409,-0.173701,0.141016,0.253948,-0.1409,-0.173701,0.141016,0.253948,-0.1409,-0.173701,0.141016,0.259998,0.141818,-0.16961,-0.138424,0.33541,0.744469,-0.0943938,0.513969,0.33541,0.744469,-0.0943938,0.513969,0.33541,0.744469,-0.0943938,0.513969,0.33541,0.744469,-0.0943938,0.513969,0.362385,0.513969,-0.0664395,0.744469,
0.253948,-0.1409,-0.173701,0.141016,0.253948,-0.1409,-0.173701,0.141016,0.253948,-0.1409,-0.173701,0.141016,0.253948,-0.1409,-0.173701,0.141016,0.259998,0.141818,-0.16961,-0.138424,0.343713,0.744469,-0.086091,0.513969,0.343713,0.744469,-0.086091,0.513969,0.343713,0.744469,-0.086091,0.513969,0.343713,0.744469,-0.086091,0.513969,0.370688,0.513969,-0.0581367,0.744469,
0.253948,-0.1409,-0.173701,0.141016,0.253948,-0.1409,-0.173701,0.141016,0.253948,-0.1409,-0.173701,0.141016,0.259998,0.141818,-0.16961,-0.138424,0.223087,0.742188,-0.206717,0.511688,0.223087,0.742188,-0.206717,0.511688,0.223087,0.742188,-0.206717,0.511688,0.223087,0.742188,-0.206717,0.511688,0.250062,0.511688,-0.178763,0.742188,0.216176,1.10695,-0.183824,1.33745,
0.253948,-0.1409,-0.173701,0.141016,0.253948,-0.1409,-0.173701,0.141016,0.253948,-0.1409,-0.173701,0.141016,0.259998,0.141818,-0.16961,-0.138424,0.33276,0.85691,-0.0970434,0.62641,0.33276,0.85691,-0.0970434,0.62641,0.33276,0.85691,-0.0970434,0.62641,0.33276,0.85691,-0.0970434,0.62641,0.359735,0.62641,-0.0690892,0.85691,0.435523,2.04861,0.0355227,2.27911,
0.253948,-0.1409,-0.173701,0.141016,0.253948,-0.1409,-0.173701,0.141016,0.253948,-0.1409,-0.173701,0.141016,0.259998,0.141818,-0.16961,-0.138424,0.268029,0.85691,-0.160408,0.62641,0.268029,0.85691,-0.160408,0.62641,0.268029,0.85691,-0.160408,0.62641,0.268029,0.85691,-0.160408,0.62641,0.295004,0.62641,-0.130408,0.85691,0.306059,1.91318,-0.0939406,2.14368,
0.253948,-0.1409,-0.173701,0.141016,0.253948,-0.1409,-0.173701,0.141016,0.253948,-0.1409,-0.173701,0.141016,0.259998,0.141818,-0.16961,-0.138424,0.305969,0.85691,-0.123834,0.62641,0.305969,0.85691,-0.123834,0.62641,0.305969,0.85691,-0.123834,0.62641,0.305969,0.85691,-0.123834,0.62641,0.332944,0.62641,-0.0958801,0.85691,0.381941,1.91318,-0.0180592,2.14368,
0.253948,-0.1409,-0.173701,0.141016,0.253948,-0.1409,-0.173701,0.141016,0.253948,-0.1409,-0.173701,0.141016,0.259998,0.141818,-0.16961,-0.138424,0.283841,0.85691,-0.145962,0.62641,0.283841,0.85691,-0.145962,0.62641,0.283841,0.85691,-0.145962,0.62641,0.283841,0.85691,-0.145962,0.62641,0.310816,0.62641,-0.118008,0.85691,0.337685,1.91318,-0.0623154,2.14368,
0.253948,-0.1409,-0.173701,0.141016,0.253948,-0.1409,-0.173701,0.141016,0.253948,-0.1409,-0.173701,0.141016,0.259998,0.141818,-0.16961,-0.138424,0.296902,0.85691,-0.132902,0.62641,0.296902,0.85691,-0.132902,0.62641,0.296902,0.85691,-0.132902,0.62641,0.296902,0.85691,-0.132902,0.62641,0.323877,0.62641,-0.104948,0.85691,0.363806,1.91318,-0.0361944,2.14368,
0.253948,-0.1409,-0.173701,0.141016,0.253948,-0.1409,-0.173701,0.141016,0.259998,0.141818,-0.16961,-0.138424,0.232045,0.891295,-0.197759,0.660795,0.232045,0.891295,-0.197759,0.660795,0.232045,0.891295,-0.197759,0.660795,0.232045,0.891295,-0.197759,0.660795,0.25902,0.660795,-0.169804,0.891295,0.234093,1.28492,-0.165908,1.51542,0.234093,1.28492,-0.165908,1.51542,
0.253948,-0.1409,-0.173701,0.141016,0.253948,-0.1409,-0.173701,0.141016,0.259998,0.141818,-0.16961,-0.138424,0.267187,0.998634,-0.162617,0.768134,0.267187,0.998634,-0.162617,0.768134,0.267187,0.998634,-0.162617,0.768134,0.267187,0.998634,-0.162617,0.768134,0.294162,0.768134,-0.134663,0.998634,0.304375,1.97769,-0.0956246,2.20819,0.304375,1.97769,-0.0956246,2.20819,
0.253948,-0.1409,-0.173701,0.141016,0.253948,-0.1409,-0.173701,0.141016,0.259998,0.141818,-0.16961,-0.138424,0.246445,0.998634,-0.180767,0.768134,0.246445,0.998634,-0.180767,0.768134,0.246445,0.998634,-0.180767,0.768134,0.246445,0.998634,-0.180767,0.768134,0.27342,0.768134,-0.150767,0.998634,0.262893,1.85098,-0.137107,2.08148,0.262893,1.85098,-0.137107,2.08148,
0.253948,-0.1409,-0.173701,0.141016,0.253948,-0.1409,-0.173701,0.141016,0.259998,0.141818,-0.16961,-0.138424,0.258327,0.998634,-0.171477,0.768134,0.258327,0.998634,-0.171477,0.768134,0.258327,0.998634,-0.171477,0.768134,0.258327,0.998634,-0.171477,0.768134,0.285302,0.768134,-0.143523,0.998634,0.286656,1.85098,-0.113344,2.08148,0.286656,1.85098,-0.113344,2.08148,
0.253948,-0.1409,-0.173701,0.141016,0.259998,0.141818,-0.16961,-0.138424,0.144544,0.924439,-0.28526,0.693939,0.144544,0.924439,-0.28526,0.693939,0.144544,0.924439,-0.28526,0.693939,0.144544,0.924439,-0.28526,0.693939,0.171519,0.693939,-0.257306,0.924439,0.0590896,1.2579,-0.34091,1.4884,0.0590896,1.2579,-0.34091,1.4884,0.0590896,1.2579,-0.34091,1.4884,
0.253948,-0.1409,-0.173701,0.141016,0.259998,0.141818,-0.16961,-0.138424,0.109722,0.960111,-0.303286,0.70474,0.109722,0.960111,-0.303286,0.70474,0.109722,0.960111,-0.303286,0.70474,0.109722,0.960111,-0.303286,0.70474,0.142079,0.703502,-0.273286,0.95971,0.000209896,1.5479,-0.403866,1.7784,0.000209896,1.5479,-0.403866,1.7784,0.000209896,1.5479,-0.403866,1.7784,
0.253948,-0.1409,-0.173701,0.141016,0.259998,0.141818,-0.16961,-0.138424,0.109722,0.939088,-0.303286,0.683717,0.109722,0.939088,-0.303286,0.683717,0.109722,0.939088,-0.303286,0.683717,0.109722,0.939088,-0.303286,0.683717,0.142079,0.682479,-0.273286,0.938687,0.000209896,1.50586,-0.403866,1.73636,0.000209896,1.50586,-0.403866,1.73636,0.000209896,1.50586,-0.403866,1.73636,
0.253948,-0.1409,-0.173701,0.141016,0.259998,0.141818,-0.16961,-0.138424,0.109722,0.951496,-0.303286,0.696125,0.109722,0.951496,-0.303286,0.696125,0.109722,0.951496,-0.303286,0.696125,0.109722,0.951496,-0.303286,0.696125,0.142079,0.694887,-0.273286,0.951095,0.000209896,1.53067,-0.403866,1.76117,0.000209896,1.53067,-0.403866,1.76117,0.000209896,1.53067,-0.403866,1.76117,
0.253948,-0.1409,-0.173701,0.141016,0.259998,0.141818,-0.16961,-0.138424,0.109722,0.944173,-0.303286,0.688801,0.109722,0.944173,-0.303286,0.688801,0.109722,0.944173,-0.303286,0.688801,0.109722,0.944173,-0.303286,0.688801,0.142079,0.687564,-0.273286,0.943771,0.000209896,1.51603,-0.403866,1.74653,0.000209896,1.51603,-0.403866,1.74653,0.000209896,1.51603,-0.403866,1.74653,
0.253948,-0.1409,-0.173701,0.141016,0.259998,0.141818,-0.16961,-0.138424,0.109722,0.948495,-0.303286,0.693124,0.109722,0.948495,-0.303286,0.693124,0.109722,0.948495,-0.303286,0.693124,0.109722,0.948495,-0.303286,0.693124,0.142079,0.691886,-0.273286,0.948094,0.000209896,1.52467,-0.403866,1.75517,0.000209896,1.52467,-0.403866,1.75517,0.000209896,1.52467,-0.403866,1.75517,
0.259998,0.141818,-0.16961,-0.138424,0.104137,0.836893,-0.317287,0.606393,0.104137,0.836893,-0.317287,0.606393,0.104137,0.836893,-0.317287,0.606393,0.104137,0.836893,-0.317287,0.606393,0.135008,0.606393,-0.293489,0.836893,-0.013931,1.043,-0.413276,1.2735,-0.013931,1.043,-0.413276,1.2735,-0.013931,1.043,-0.413276,1.2735,-0.013931,1.043,-0.413276,1.2735,
0.259998,0.141818,-0.16961,-0.138424,0.0436942,0.762809,-0.386109,0.532309,0.0436942,0.762809,-0.386109,0.532309,0.0436942,0.762809,-0.386109,0.532309,0.0436942,0.762809,-0.386109,0.532309,0.0706693,0.532309,-0.358155,0.762809,-0.142609,1.06278,-0.542609,1.29328,-0.142609,1.06278,-0.542609,1.29328,-0.142609,1.06278,-0.542609,1.29328,-0.142609,1.06278,-0.542609,1.29328,
0.259998,0.141818,-0.16961,-0.138424,0.00998479,0.762809,-0.419819,0.532309,0.00998479,0.762809,-0.419819,0.532309,0.00998479,0.762809,-0.419819,0.532309,0.00998479,0.762809,-0.419819,0.532309,0.0369598,0.532309,-0.391865,0.762809,-0.210028,1.07381,-0.610028,1.30431,-0.210028,1.07381,-0.610028,1.30431,-0.210028,1.07381,-0.610028,1.30431,-0.210028,1.07381,-0.610028,1.30431,
0.259998,0.141818,-0.16961,-0.138424,0.0223199,0.762809,-0.407484,0.532309,0.0223199,0.762809,-0.407484,0.532309,0.0223199,0.762809,-0.407484,0.532309,0.0223199,0.762809,-0.407484,0.532309,0.0492949,0.532309,-0.37953,0.762809,-0.185358,1.0657,-0.585358,1.2962,-0.185358,1.0657,-0.585358,1.2962,-0.185358,1.0657,-0.585358,1.2962,-0.185358,1.0657,-0.585358,1.2962,
0.259998,0.141818,-0.16961,-0.138424,0.259998,0.141818,-0.16961,-0.138424,0.259998,0.141818,-0.16961,-0.138424,0.259998,0.141818,-0.16961,-0.138424,0.345143,0.0337186,-0.183854,0.184743,0.133694,0.68987,-0.308708,0.92037,0.133694,0.68987,-0.308708,0.92037,0.133694,0.68987,-0.308708,0.92037,0.133694,0.68987,-0.308708,0.92037,0.0932898,0.92037,-0.331124,0.68987,
0.259998,0.141818,-0.16961,-0.138424,0.259998,0.141818,-0.16961,-0.138424,0.259998,0.141818,-0.16961,-0.138424,0.259998,0.141818,-0.16961,-0.138424,0.345143,0.0337186,-0.183854,0.184743,-0.173007,1.05986,-0.573007,1.29036,-0.173007,1.05986,-0.573007,1.29036,-0.173007,1.05986,-0.573007,1.29036,-0.173007,1.05986,-0.573007,1.29036,-0.203007,1.29036,-0.603007,1.05986,
0.259998,0.141818,-0.16961,-0.138424,0.259998,0.141818,-0.16961,-0.138424,0.259998,0.141818,-0.16961,-0.138424,0.259998,0.141818,-0.16961,-0.138424,0.345143,0.0337186,-0.183854,0.184743,-0.100216,1.05986,-0.573007,1.29036,-0.100216,1.05986,-0.573007,1.29036,-0.100216,1.05986,-0.573007,1.29036,-0.100216,1.05986,-0.573007,1.29036,-0.172788,1.29036,-0.602592,1.05986,
0.259998,0.141818,-0.16961,-0.138424,0.259998,0.141818,-0.16961,-0.138424,0.259998,0.141818,-0.16961,-0.138424,0.259998,0.141818,-0.16961,-0.138424,0.345143,0.0337186,-0.183854,0.184743,-0.102565,1.05986,-0.573007,1.29036,-0.102565,1.05986,-0.573007,1.29036,-0.102565,1.05986,-0.573007,1.29036,-0.102565,1.05986,-0.573007,1.29036,-0.175138,1.29036,-0.603007,1.05986,
0.259998,0.141818,-0.16961,-0.138424,0.259998,0.141818,-0.16961,-0.138424,0.259998,0.141818,-0.16961,-0.138424,0.345143,0.0337186,-0.183854,0.184743,0.118322,0.741737,-0.309099,0.972238,0.118322,0.741737,-0.309099,0.972238,0.118322,0.741737,-0.309099,0.972238,0.118322,0.741737,-0.309099,0.972238,0.0883218,0.972238,-0.332947,0.741737,-0.0762206,1.38625,-0.466284,1.15575,
0.259998,0.141818,-0.16961,-0.138424,0.259998,0.141818,-0.16961,-0.138424,0.259998,0.141818,-0.16961,-0.138424,0.345143,0.0337186,-0.183854,0.184743,-0.114032,1.05993,-0.540521,1.29043,-0.114032,1.05993,-0.540521,1.29043,-0.114032,1.05993,-0.540521,1.29043,-0.114032,1.05993,-0.540521,1.29043,-0.170521,1.29043,-0.570521,1.05993,-0.633206,2.8521,-1.03321,2.6216,
0.259998,0.141818,-0.16961,-0.138424,0.259998,0.141818,-0.16961,-0.138424,0.259998,0.141818,-0.16961,-0.138424,0.345143,0.0337186,-0.183854,0.184743,0.0194789,1.05993,-0.454808,1.29043,0.0194789,1.05993,-0.454808,1.29043,0.0194789,1.05993,-0.454808,1.29043,0.0194789,1.05993,-0.454808,1.29043,-0.0478821,1.29043,-0.477686,1.05378,-0.355762,2.47649,-0.755762,2.24599,
0.259998,0.141818,-0.16961,-0.138424,0.259998,0.141818,-0.16961,-0.138424,0.259998,0.141818,-0.16961,-0.138424,0.345143,0.0337186,-0.183854,0.184743,-0.0287705,1.05993,-0.508269,1.29043,-0.0287705,1.05993,-0.508269,1.29043,-0.0287705,1.05993,-0.508269,1.29043,-0.0287705,1.05993,-0.508269,1.29043,-0.101343,1.29043,-0.531147,1.05378,-0.462684,2.47649,-0.862684,2.24599,
0.259998,0.141818,-0.16961,-0.138424,0.259998,0.141818,-0.16961,-0.138424,0.259998,0.141818,-0.16961,-0.138424,0.345143,0.0337186,-0.183854,0.184743,0.00278339,1.05993,-0.476715,1.29043,0.00278339,1.05993,-0.476715,1.29043,0.00278339,1.05993,-0.476715,1.29043,0.00278339,1.05993,-0.476715,1.29043,-0.0697892,1.29043,-0.499593,1.05378,-0.399576,2.47649,-0.799576,2.24599,
0.259998,0.141818,-0.16961,-0.138424,0.259998,0.141818,-0.16961,-0.138424,0.259998,0.141818,-0.16961,-0.138424,0.345143,0.0337186,-0.183854,0.184743,-0.0158404,1.05993,-0.495339,1.29043,-0.0158404,1.05993,-0.495339,1.29043,-0.0158404,1.05993,-0.495339,1.29043,-0.0158404,1.05993,-0.495339,1.29043,-0.088413,1.29043,-0.518217,1.05378,-0.436824,2.47649,-0.836824,2.24599,
0.259998,0.141818,-0.16961,-0.138424,0.259998,0.141818,-0.16961,-0.138424,0.259998,0.141818,-0.16961,-0.138424,0.345143,0.0337186,-0.183854,0.184743,-0.00484821,1.05993,-0.484347,1.29043,-0.00484821,1.05993,-0.484347,1.29043,-0.00484821,1.05993,-0.484347,1.29043,-0.00484821,1.05993,-0.484347,1.29043,-0.0774208,1.29043,-0.507224,1.05378,-0.414839,2.47649,-0.814839,2.24599,
0.259998,0.141818,-0.16961,-0.138424,0.259998,0.141818,-0.16961,-0.138424,0.345143,0.0337186,-0.183854,0.184743,0.345143,0.0337186,-0.183854,0.184743,0.201733,0.826945,-0.277765,1.05745,0.201733,0.826945,-0.277765,1.05745,0.201733,0.826945,-0.277765,1.05745,0.129161,1.05745,-0.300643,0.826945,0.129161,1.05745,-0.300643,0.826945,-0.00167599,1.45345,-0.401676,1.22295,
0.259998,0.141818,-0.16961,-0.138424,0.259998,0.141818,-0.16961,-0.138424,0.345143,0.0337186,-0.183854,0.184743,0.345143,0.0337186,-0.183854,0.184743,0.176857,1.19108,-0.300867,1.42158,0.176857,1.19108,-0.300867,1.42158,0.176857,1.19108,-0.300867,1.42158,0.106059,1.42158,-0.323745,1.19108,0.106059,1.42158,-0.323745,1.19108,-0.04788,3.08348,-0.44788,2.85298,
0.259998,0.141818,-0.16961,-0.138424,0.259998,0.141818,-0.16961,-0.138424,0.345143,0.0337186,-0.183854,0.184743,0.345143,0.0337186,-0.183854,0.184743,0.176857,1.19108,-0.288299,1.41919,0.176857,1.19108,-0.288299,1.41919,0.176857,1.19108,-0.288299,1.41919,0.113812,1.39773,-0.310109,1.14236,0.113812,1.39773,-0.310109,1.14236,-0.0323745,2.65364,-0.420609,2.42314,
0.259998,0.141818,-0.16961,-0.138424,0.259998,0.141818,-0.16961,-0.138424,0.345143,0.0337186,-0.183854,0.184743,0.345143,0.0337186,-0.183854,0.184743,0.176857,1.19108,-0.293818,1.42158,0.176857,1.19108,-0.293818,1.42158,0.176857,1.19108,-0.293818,1.42158,0.113107,1.40284,-0.316696,1.14747,0.113107,1.40284,-0.316696,1.14747,-0.0337831,2.66386,-0.433783,2.43336,
0.259998,0.141818,-0.16961,-0.138424,0.259998,0.141818,-0.16961,-0.138424,0.345143,0.0337186,-0.183854,0.184743,0.345143,0.0337186,-0.183854,0.184743,0.176857,1.19108,-0.291392,1.42158,0.176857,1.19108,-0.291392,1.42158,0.176857,1.19108,-0.291392,1.42158,0.113812,1.40096,-0.31427,1.14559,0.113812,1.40096,-0.31427,1.14559,-0.0323745,2.6601,-0.42893,2.4296,
0.259998,0.141818,-0.16961,-0.138424,0.259998,0.141818,-0.16961,-0.138424,0.345143,0.0337186,-0.183854,0.184743,0.211679,0.795908,-0.262699,1.02641,0.211679,0.795908,-0.262699,1.02641,0.211679,0.795908,-0.262699,1.02641,0.211679,0.795908,-0.262699,1.02641,0.14078,1.02641,-0.288955,0.795908,0.0215631,1.33786,-0.3783,1.10736,0.0215631,1.33786,-0.3783,1.10736,
0.259998,0.141818,-0.16961,-0.138424,0.259998,0.141818,-0.16961,-0.138424,0.345143,0.0337186,-0.183854,0.184743,0.168723,1.07568,-0.273078,1.26644,0.168723,1.07568,-0.273078,1.26644,0.168723,1.07568,-0.273078,1.26644,0.168723,1.07568,-0.273078,1.26644,0.133848,1.24498,-0.295956,0.989611,0.00769737,2.34815,-0.392303,2.11765,0.00769737,2.34815,-0.392303,2.11765,
0.259998,0.141818,-0.16961,-0.138424,0.259998,0.141818,-0.16961,-0.138424,0.345143,0.0337186,-0.183854,0.184743,0.168723,0.93782,-0.26722,1.16832,0.168723,0.93782,-0.26722,1.16832,0.168723,0.93782,-0.26722,1.16832,0.168723,0.93782,-0.26722,1.16832,0.138723,1.16832,-0.290098,0.93782,0.0194136,2.06813,-0.380586,1.83763,0.0194136,2.06813,-0.380586,1.83763,
0.259998,0.141818,-0.16961,-0.138424,0.259998,0.141818,-0.16961,-0.138424,0.345143,0.0337186,-0.183854,0.184743,0.168723,0.991923,-0.270601,1.18269,0.168723,0.991923,-0.270601,1.18269,0.168723,0.991923,-0.270601,1.18269,0.168723,0.991923,-0.270601,1.18269,0.136324,1.16832,-0.293479,0.93782,0.0126512,2.18063,-0.387349,1.95013,0.0126512,2.18063,-0.387349,1.95013,
0.259998,0.141818,-0.16961,-0.138424,0.259998,0.141818,-0.16961,-0.138424,0.345143,0.0337186,-0.183854,0.184743,0.168723,0.984561,-0.268682,1.17532,0.168723,0.984561,-0.268682,1.17532,0.168723,0.984561,-0.268682,1.17532,0.168723,0.984561,-0.268682,1.17532,0.138244,1.16832,-0.29156,0.93782,0.0164897,2.1659,-0.38351,1.9354,0.0164897,2.1659,-0.38351,1.9354,
0.259998,0.141818,-0.16961,-0.138424,0.259998,0.141818,-0.16961,-0.138424,0.345143,0.0337186,-0.183854,0.184743,0.168723,0.988334,-0.269815,1.1791,0.168723,0.988334,-0.269815,1.1791,0.168723,0.988334,-0.269815,1.1791,0.168723,0.988334,-0.269815,1.1791,0.137111,1.16832,-0.292693,0.93782,0.0142241,2.17345,-0.385776,1.94295,0.0142241,2.17345,-0.385776,1.94295,
0.259998,0.141818,-0.16961,-0.138424,0.345143,0.0337186,-0.183854,0.184743,0.25028,0.874279,-0.229219,1.10478,0.25028,0.874279,-0.229219,1.10478,0.25028,0.874279,-0.229219,1.10478,0.25028,0.874279,-0.229219,1.10478,0.177707,1.10478,-0.252097,0.874279,0.0954165,1.41804,-0.304584,1.18754,0.0954165,1.41804,-0.304584,1.18754,0.0954165,1.41804,-0.304584,1.18754,
0.259998,0.141818,-0.16961,-0.138424,0.345143,0.0337186,-0.183854,0.184743,0.260271,0.94934,-0.170942,1.17984,0.260271,0.94934,-0.170942,1.17984,0.260271,0.94934,-0.170942,1.17984,0.260271,0.94934,-0.170942,1.17984,0.230271,1.17984,-0.193819,0.94934,0.211971,1.98699,-0.188029,1.75649,0.211971,1.98699,-0.188029,1.75649,0.211971,1.98699,-0.188029,1.75649,
0.259998,0.141818,-0.16961,-0.138424,0.345143,0.0337186,-0.183854,0.184743,0.260271,0.94934,-0.204894,1.17984,0.260271,0.94934,-0.204894,1.17984,0.260271,0.94934,-0.204894,1.17984,0.260271,0.94934,-0.204894,1.17984,0.202032,1.17984,-0.227772,0.94934,0.144066,1.89838,-0.255934,1.66788,0.144066,1.89838,-0.255934,1.66788,0.144066,1.89838,-0.255934,1.66788,
0.259998,0.141818,-0.16961,-0.138424,0.345143,0.0337186,-0.183854,0.184743,0.260271,0.94934,-0.185299,1.17984,0.260271,0.94934,-0.185299,1.17984,0.260271,0.94934,-0.185299,1.17984,0.260271,0.94934,-0.185299,1.17984,0.221627,1.17984,-0.208177,0.94934,0.183256,1.89838,-0.216743,1.66788,0.183256,1.89838,-0.216743,1.66788,0.183256,1.89838,-0.216743,1.66788,
0.345143,0.0337186,-0.183854,0.184743,0.238832,0.951806,-0.227725,1.18231,0.238832,0.951806,-0.227725,1.18231,0.238832,0.951806,-0.227725,1.18231,0.238832,0.951806,-0.227725,1.18231,0.166259,1.18231,-0.263545,0.951806,0.0725202,1.5077,-0.32748,1.2772,0.0725202,1.5077,-0.32748,1.2772,0.0725202,1.5077,-0.32748,1.2772,0.0725202,1.5077,-0.32748,1.2772,
0.345143,0.0337186,-0.183854,0.184743,0.26073,0.956908,-0.165934,1.18741,0.26073,0.956908,-0.165934,1.18741,0.26073,0.956908,-0.165934,1.18741,0.26073,0.956908,-0.165934,1.18741,0.23073,1.18741,-0.188812,0.956908,0.221985,1.66023,-0.178015,1.42973,0.221985,1.66023,-0.178015,1.42973,0.221985,1.66023,-0.178015,1.42973,0.221985,1.66023,-0.178015,1.42973,
0.345143,0.0337186,-0.183854,0.184743,0.286393,0.949582,-0.157645,1.18008,0.286393,0.949582,-0.157645,1.18008,0.286393,0.949582,-0.157645,1.18008,0.286393,0.949582,-0.157645,1.18008,0.249281,1.18008,-0.180523,0.949582,0.238564,1.62853,-0.161435,1.39803,0.238564,1.62853,-0.161435,1.39803,0.238564,1.62853,-0.161435,1.39803,0.238564,1.62853,-0.161435,1.39803,
0.345143,0.0337186,-0.183854,0.184743,0.286393,0.949582,-0.163335,1.18008,0.286393,0.949582,-0.163335,1.18008,0.286393,0.949582,-0.163335,1.18008,0.286393,0.949582,-0.163335,1.18008,0.24359,1.18008,-0.186213,0.949582,0.227183,1.63718,-0.172817,1.40668,0.227183,1.63718,-0.172817,1.40668,0.227183,1.63718,-0.172817,1.40668,0.227183,1.63718,-0.172817,1.40668,
0.345143,0.0337186,-0.183854,0.184743,0.345143,0.0337186,-0.183854,0.184743,0.345143,0.0337186,-0.183854,0.184743,0.345143,0.0337186,-0.183854,0.184743,0.270183,0.809235,-0.212944,0.589717,0.165411,1.25042,-0.291152,1.01992,0.165411,1.25042,-0.291152,1.01992,0.165411,1.25042,-0.291152,1.01992,0.165411,1.25042,-0.291152,1.01992,0.232891,1.01992,-0.215589,1.25042,
0.345143,0.0337186,-0.183854,0.184743,0.345143,0.0337186,-0.183854,0.184743,0.345143,0.0337186,-0.183854,0.184743,0.345143,0.0337186,-0.183854,0.184743,0.270183,0.809235,-0.212944,0.589717,0.20422,1.79949,-0.252344,1.56899,0.20422,1.79949,-0.252344,1.56899,0.20422,1.79949,-0.252344,1.56899,0.20422,1.79949,-0.252344,1.56899,0.2717,1.56899,-0.207799,1.79949,
0.345143,0.0337186,-0.183854,0.184743,0.345143,0.0337186,-0.183854,0.184743,0.345143,0.0337186,-0.183854,0.184743,0.345143,0.0337186,-0.183854,0.184743,0.270183,0.809235,-0.212944,0.589717,0.183726,1.79949,-0.272837,1.56899,0.183726,1.79949,-0.272837,1.56899,0.183726,1.79949,-0.272837,1.56899,0.183726,1.79949,-0.272837,1.56899,0.251206,1.56899,-0.215589,1.79949,
0.345143,0.0337186,-0.183854,0.184743,0.345143,0.0337186,-0.183854,0.184743,0.345143,0.0337186,-0.183854,0.184743,0.345143,0.0337186,-0.183854,0.184743,0.270183,0.809235,-0.212944,0.589717,0.194834,1.79949,-0.261729,1.56899,0.194834,1.79949,-0.261729,1.56899,0.194834,1.79949,-0.261729,1.56899,0.194834,1.79949,-0.261729,1.56899,0.262314,1.56899,-0.215589,1.79949,
0.345143,0.0337186,-0.183854,0.184743,0.345143,0.0337186,-0.183854,0.184743,0.345143,0.0337186,-0.183854,0.184743,0.270183,0.809235,-0.212944,0.589717,0.188715,1.09762,-0.299224,0.867119,0.188715,1.09762,-0.299224,0.867119,0.188715,1.09762,-0.299224,0.867119,0.188715,1.09762,-0.299224,0.867119,0.207621,0.867119,-0.191877,1.09762,0.0400994,1.06026,-0.199901,1.29076,
0.345143,0.0337186,-0.183854,0.184743,0.345143,0.0337186,-0.183854,0.184743,0.345143,0.0337186,-0.183854,0.184743,0.270183,0.809235,-0.212944,0.589717,0.135273,1.5087,-0.32129,1.2782,0.135273,1.5087,-0.32129,1.2782,0.135273,1.5087,-0.32129,1.2782,0.135273,1.5087,-0.32129,1.2782,0.192755,1.2782,-0.276745,1.47942,0.0103665,2.5436,-0.369636,2.7741,
0.345143,0.0337186,-0.183854,0.184743,0.345143,0.0337186,-0.183854,0.184743,0.345143,0.0337186,-0.183854,0.184743,0.270183,0.809235,-0.212944,0.589717,0.16926,1.5087,-0.299224,1.2782,0.16926,1.5087,-0.299224,1.2782,0.16926,1.5087,-0.299224,1.2782,0.16926,1.5087,-0.299224,1.2782,0.192755,1.1182,-0.242759,1.3487,0.0103665,2.0629,-0.301664,2.2934,
0.345143,0.0337186,-0.183854,0.184743,0.345143,0.0337186,-0.183854,0.184743,0.345143,0.0337186,-0.183854,0.184743,0.270183,0.809235,-0.212944,0.589717,0.1492,1.5087,-0.307363,1.2782,0.1492,1.5087,-0.307363,1.2782,0.1492,1.5087,-0.307363,1.2782,0.1492,1.5087,-0.307363,1.2782,0.192755,1.1182,-0.262818,1.3487,0.0103665,2.08323,-0.341783,2.31373,
0.345143,0.0337186,-0.183854,0.184743,0.345143,0.0337186,-0.183854,0.184743,0.345143,0.0337186,-0.183854,0.184743,0.270183,0.809235,-0.212944,0.589717,0.16104,1.5087,-0.299224,1.2782,0.16104,1.5087,-0.299224,1.2782,0.16104,1.5087,-0.299224,1.2782,0.16104,1.5087,-0.299224,1.2782,0.192755,1.1182,-0.250979,1.3487,0.0103665,2.08323,-0.318104,2.31373,
0.345143,0.0337186,-0.183854,0.184743,0.345143,0.0337186,-0.183854,0.184743,0.270183,0.809235,-0.212944,0.589717,0.0716339,0.930845,-0.341296,0.742215,0.0716339,0.930845,-0.341296,0.742215,0.0716339,0.930845,-0.341296,0.742215,0.0716339,0.930845,-0.341296,0.742215,0.101634,0.700345,-0.298366,0.930845,-0.00964838,0.766413,-0.409648,1.06662,-0.00964838,0.766413,-0.409648,1.06662,
0.345143,0.0337186,-0.183854,0.184743,0.345143,0.0337186,-0.183854,0.184743,0.270183,0.809235,-0.212944,0.589717,-0.015038,1.25575,-0.449696,1.02525,-0.015038,1.25575,-0.449696,1.02525,-0.015038,1.25575,-0.449696,1.02525,-0.015038,1.25575,-0.449696,1.02525,0.052442,0.865247,-0.419696,1.09575,-0.270259,1.52378,-0.670259,1.75428,-0.270259,1.52378,-0.670259,1.75428,
0.345143,0.0337186,-0.183854,0.184743,0.345143,0.0337186,-0.183854,0.184743,0.270183,0.809235,-0.212944,0.589717,0.068812,1.11629,-0.387751,0.891281,0.068812,1.11629,-0.387751,0.891281,0.068812,1.11629,-0.387751,0.891281,0.068812,1.11629,-0.387751,0.891281,0.136292,0.87225,-0.343206,1.10275,-0.102559,1.19284,-0.502559,1.42334,-0.102559,1.19284,-0.502559,1.42334,
0.345143,0.0337186,-0.183854,0.184743,0.345143,0.0337186,-0.183854,0.184743,0.270183,0.809235,-0.212944,0.589717,0.0340109,1.19406,-0.422552,0.969049,0.0340109,1.19406,-0.422552,0.969049,0.0340109,1.19406,-0.422552,0.969049,0.0340109,1.19406,-0.422552,0.969049,0.101491,0.87225,-0.378007,1.10275,-0.172161,1.34838,-0.572161,1.57888,-0.172161,1.34838,-0.572161,1.57888,
0.345143,0.0337186,-0.183854,0.184743,0.345143,0.0337186,-0.183854,0.184743,0.270183,0.809235,-0.212944,0.589717,0.054468,1.15416,-0.402095,0.929154,0.054468,1.15416,-0.402095,0.929154,0.054468,1.15416,-0.402095,0.929154,0.054468,1.15416,-0.402095,0.929154,0.121948,0.87225,-0.35755,1.10275,-0.131247,1.26859,-0.531247,1.49909,-0.131247,1.26859,-0.531247,1.49909,
0.345143,0.0337186,-0.183854,0.184743,0.345143,0.0337186,-0.183854,0.184743,0.270183,0.809235,-0.212944,0.589717,0.0441497,1.17547,-0.412414,0.950464,0.0441497,1.17547,-0.412414,0.950464,0.0441497,1.17547,-0.412414,0.950464,0.0441497,1.17547,-0.412414,0.950464,0.11163,0.87225,-0.367869,1.10275,-0.151884,1.31121,-0.551884,1.54171,-0.151884,1.31121,-0.551884,1.54171,
0.345143,0.0337186,-0.183854,0.184743,0.345143,0.0337186,-0.183854,0.184743,0.270183,0.809235,-0.212944,0.589717,0.0497034,1.16429,-0.40686,0.939279,0.0497034,1.16429,-0.40686,0.939279,0.0497034,1.16429,-0.40686,0.939279,0.0497034,1.16429,-0.40686,0.939279,0.117183,0.87225,-0.362315,1.10275,-0.140776,1.28884,-0.540776,1.51934,-0.140776,1.28884,-0.540776,1.51934,
0.345143,0.0337186,-0.183854,0.184743,0.345143,0.0337186,-0.183854,0.184743,0.270183,0.809235,-0.212944,0.589717,0.0467976,1.1702,-0.409766,0.945194,0.0467976,1.1702,-0.409766,0.945194,0.0467976,1.1702,-0.409766,0.945194,0.0467976,1.1702,-0.409766,0.945194,0.114278,0.87225,-0.365221,1.10275,-0.146588,1.30067,-0.546588,1.53117,-0.146588,1.30067,-0.546588,1.53117,
0.345143,0.0337186,-0.183854,0.184743,0.270183,0.809235,-0.212944,0.589717,0.0665299,0.886605,-0.34722,0.816105,0.0665299,0.886605,-0.34722,0.816105,0.0665299,0.886605,-0.34722,0.816105,
0.345143,0.0337186,-0.183854,0.184743,0.270183,0.809235,-0.212944,0.589717,0.0998422,1.01873,-0.34722,0.833501,0.0998422,1.01873,-0.34722,0.833501,0.0998422,1.01873,-0.34722,0.833501,
0.270183,0.809235,-0.212944,0.589717,0.076472,0.899614,-0.347143,0.829114,0.076472,0.899614,-0.347143,0.829114,0.076472,0.899614,-0.347143,0.829114,0.076472,0.899614,-0.347143,0.829114,
0.270183,0.809235,-0.212944,0.589717,0.120669,0.92588,-0.347143,0.829622,0.120669,0.92588,-0.347143,0.829622,0.120669,0.92588,-0.347143,0.829622,0.120669,0.92588,-0.347143,0.829622,
0.270183,0.809235,-0.212944,0.589717,0.270183,0.809235,-0.212944,0.589717,0.270183,0.809235,-0.212944,0.589717,0.270183,0.809235,-0.212944,0.589717,0.023041,0.70016,-0.231492,1.13623,
0.270183,0.809235,-0.212944,0.589717,0.270183,0.809235,-0.212944,0.589717,0.270183,0.809235,-0.212944,0.589717,0.270183,0.809235,-0.212944,0.589717,0.023041,0.70016,-0.231492,1.13623,
0.270183,0.809235,-0.212944,0.589717,0.270183,0.809235,-0.212944,0.589717,0.270183,0.809235,-0.212944,0.589717,0.023041,0.70016,-0.231492,1.13623,0.0268219,0.723906,-0.281971,1.06392,
0.270183,0.809235,-0.212944,0.589717,0.270183,0.809235,-0.212944,0.589717,0.270183,0.809235,-0.212944,0.589717,0.023041,0.70016,-0.231492,1.13623,0.0268219,0.786412,-0.274382,1.06392,
0.270183,0.809235,-0.212944,0.589717,0.270183,0.809235,-0.212944,0.589717,0.023041,0.70016,-0.231492,1.13623,0.0261587,0.860228,-0.271428,1.17255,0.0261587,0.860228,-0.271428,1.17255,0.0261587,0.860228,-0.271428,1.17255,0.0261587,0.860228,-0.271428,1.17255,0.102319,1.09073,-0.31879,0.860228,0.0526729,1.20886,-0.394636,0.987736,0.0526729,1.20886,-0.394636,0.987736,
0.270183,0.809235,-0.212944,0.589717,0.270183,0.809235,-0.212944,0.589717,0.023041,0.70016,-0.231492,1.13623,0.0261587,0.940649,-0.259733,1.27393,0.0261587,0.940649,-0.259733,1.27393,0.0261587,0.940649,-0.259733,1.27393,0.0261587,0.940649,-0.259733,1.27393,0.111411,1.12079,-0.31879,0.890286,0.0534994,1.41164,-0.394636,1.18114,0.0534994,1.41164,-0.394636,1.18114,
0.270183,0.809235,-0.212944,0.589717,0.270183,0.809235,-0.212944,0.589717,0.023041,0.70016,-0.231492,1.13623,0.0427557,0.907674,-0.259709,1.24096,0.0427557,0.907674,-0.259709,1.24096,0.0427557,0.907674,-0.259709,1.24096,0.0427557,0.907674,-0.259709,1.24096,0.131951,1.13012,-0.31879,0.899619,0.0553667,1.34569,-0.394636,1.11519,0.0553667,1.34569,-0.394636,1.11519,
0.270183,0.809235,-0.212944,0.589717,0.270183,0.809235,-0.212944,0.589717,0.023041,0.70016,-0.231492,1.13623,0.0311893,0.919323,-0.259709,1.25261,0.0311893,0.919323,-0.259709,1.25261,0.0311893,0.919323,-0.259709,1.25261,0.0311893,0.919323,-0.259709,1.25261,0.127592,1.12814,-0.31879,0.897638,0.0549705,1.36899,-0.394636,1.13849,0.0549705,1.36899,-0.394636,1.13849,
0.270183,0.809235,-0.212944,0.589717,0.023041,0.70016,-0.231492,1.13623,0.0107408,0.965809,-0.281353,1.24838,0.0107408,0.965809,-0.281353,1.24838,0.0107408,0.965809,-0.281353,1.24838,0.0107408,0.965809,-0.281353,1.24838,0.0886471,1.19631,-0.334746,0.965809,0.0228497,1.36053,-0.426548,1.13003,0.0228497,1.36053,-0.426548,1.13003,0.0228497,1.36053,-0.426548,1.13003,
0.270183,0.809235,-0.212944,0.589717,0.023041,0.70016,-0.231492,1.13623,0.0303918,0.961716,-0.275216,1.28647,0.0303918,0.961716,-0.275216,1.28647,0.0303918,0.961716,-0.275216,1.28647,0.0303918,0.961716,-0.275216,1.28647,0.111454,1.19222,-0.332601,0.961716,0.024923,1.4367,-0.422258,1.2062,0.024923,1.4367,-0.422258,1.2062,0.024923,1.4367,-0.422258,1.2062,
0.270183,0.809235,-0.212944,0.589717,0.023041,0.70016,-0.231492,1.13623,0.042725,0.965577,-0.275216,1.27511,0.042725,0.965577,-0.275216,1.27511,0.042725,0.965577,-0.275216,1.27511,0.042725,0.965577,-0.275216,1.27511,0.119953,1.19608,-0.320268,0.965577,0.0256956,1.41398,-0.397591,1.18348,0.0256956,1.41398,-0.397591,1.18348,0.0256956,1.41398,-0.397591,1.18348,
0.023041,0.70016,-0.231492,1.13623,-0.00376352,1.04176,-0.312209,1.29808,-0.00376352,1.04176,-0.312209,1.29808,-0.00376352,1.04176,-0.312209,1.29808,-0.00376352,1.04176,-0.312209,1.29808,0.0577911,1.27226,-0.349818,1.04176,-0.00870454,1.45994,-0.456692,1.22944,-0.00870454,1.45994,-0.456692,1.22944,-0.00870454,1.45994,-0.456692,1.22944,-0.00870454,1.45994,-0.456692,1.22944,
0.023041,0.70016,-0.231492,1.13623,0.00824428,0.989327,-0.289633,1.2336,0.00824428,0.989327,-0.289633,1.2336,0.00824428,0.989327,-0.289633,1.2336,0.00824428,0.989327,-0.289633,1.2336,0.0831246,1.21983,-0.349818,0.989327,-0.00409798,1.3239,-0.456692,1.16595,-0.00409798,1.3239,-0.456692,1.16595,-0.00409798,1.3239,-0.456692,1.16595,-0.00409798,1.3239,-0.456692,1.16595,
0.023041,0.70016,-0.231492,1.13623,0.00321584,0.989327,-0.289633,1.26012,0.00321584,0.989327,-0.289633,1.26012,0.00321584,0.989327,-0.289633,1.26012,0.00321584,0.989327,-0.289633,1.26012,0.0831246,1.21983,-0.349818,0.989327,-0.00409798,1.384,-0.456692,1.16595,-0.00409798,1.384,-0.456692,1.16595,-0.00409798,1.384,-0.456692,1.16595,-0.00409798,1.384,-0.456692,1.16595,
0.023041,0.70016,-0.231492,1.13623,0.023041,0.70016,-0.231492,1.13623,0.023041,0.70016,-0.231492,1.13623,0.023041,0.70016,-0.231492,1.13623,0.270183,0.809235,-0.212944,0.589717,0.0331891,1.30589,-0.366811,1.07539,0.0331891,1.30589,-0.366811,1.07539,0.0331891,1.30589,-0.366811,1.07539,0.0331891,1.30589,-0.366811,1.07539,-0.00893116,1.07539,-0.336811,1.31359,
0.023041,0.70016,-0.231492,1.13623,0.023041,0.70016,-0.231492,1.13623,0.023041,0.70016,-0.231492,1.13623,0.023041,0.70016,-0.231492,1.13623,0.270183,0.809235,-0.212944,0.589717,-0.0110565,1.4121,-0.46762,1.18709,-0.0110565,1.4121,-0.46762,1.18709,-0.0110565,1.4121,-0.46762,1.18709,-0.0110565,1.4121,-0.46762,1.18709,-0.0548592,1.24231,-0.446894,1.50642,
0.023041,0.70016,-0.231492,1.13623,0.023041,0.70016,-0.231492,1.13623,0.023041,0.70016,-0.231492,1.13623,0.023041,0.70016,-0.231492,1.13623,0.270183,0.809235,-0.212944,0.589717,0.0316692,1.34834,-0.424894,1.12333,0.0316692,1.34834,-0.424894,1.12333,0.0316692,1.34834,-0.424894,1.12333,0.0316692,1.34834,-0.424894,1.12333,-0.0548592,1.17856,-0.404168,1.50642,
0.023041,0.70016,-0.231492,1.13623,0.023041,0.70016,-0.231492,1.13623,0.023041,0.70016,-0.231492,1.13623,0.023041,0.70016,-0.231492,1.13623,0.270183,0.809235,-0.212944,0.589717,0.0134793,1.38448,-0.443084,1.15947,0.0134793,1.38448,-0.443084,1.15947,0.0134793,1.38448,-0.443084,1.15947,0.0134793,1.38448,-0.443084,1.15947,-0.0548592,1.21469,-0.422358,1.50642,
0.023041,0.70016,-0.231492,1.13623,0.023041,0.70016,-0.231492,1.13623,0.023041,0.70016,-0.231492,1.13623,0.023041,0.70016,-0.231492,1.13623,0.270183,0.809235,-0.212944,0.589717,0.0227393,1.36523,-0.433824,1.14022,0.0227393,1.36523,-0.433824,1.14022,0.0227393,1.36523,-0.433824,1.14022,0.0227393,1.36523,-0.433824,1.14022,-0.0548592,1.19545,-0.413098,1.50642,
0.023041,0.70016,-0.231492,1.13623,0.023041,0.70016,-0.231492,1.13623,0.023041,0.70016,-0.231492,1.13623,0.023041,0.70016,-0.231492,1.13623,0.270183,0.809235,-0.212944,0.589717,0.017882,1.3754,-0.438682,1.15039,0.017882,1.3754,-0.438682,1.15039,0.017882,1.3754,-0.438682,1.15039,0.017882,1.3754,-0.438682,1.15039,-0.0548592,1.20561,-0.417956,1.50642,
0.023041,0.70016,-0.231492,1.13623,0.023041,0.70016,-0.231492,1.13623,0.023041,0.70016,-0.231492,1.13623,0.023041,0.70016,-0.231492,1.13623,0.270183,0.809235,-0.212944,0.589717,0.0204413,1.37004,-0.436122,1.14503,0.0204413,1.37004,-0.436122,1.14503,0.0204413,1.37004,-0.436122,1.14503,0.0204413,1.37004,-0.436122,1.14503,-0.0548592,1.20025,-0.415396,1.50642,
0.023041,0.70016,-0.231492,1.13623,0.023041,0.70016,-0.231492,1.13623,0.023041,0.70016,-0.231492,1.13623,0.114021,1.06797,-0.291252,0.902192,0.114021,1.06797,-0.291252,0.902192,0.0320267,1.3253,-0.398719,1.0948,0.0320267,1.3253,-0.398719,1.0948,0.0320267,1.3253,-0.398719,1.0948,-0.0078455,1.0948,-0.337973,1.3253,-0.0078455,1.0948,-0.337973,1.3253,
0.023041,0.70016,-0.231492,1.13623,0.023041,0.70016,-0.231492,1.13623,0.023041,0.70016,-0.231492,1.13623,0.114021,1.06797,-0.291252,0.902192,0.114021,1.06797,-0.291252,0.902192,-0.0596487,1.53038,-0.477285,1.29988,-0.0596487,1.53038,-0.477285,1.29988,-0.0596487,1.53038,-0.477285,1.29988,-0.0665745,1.25301,-0.417405,1.53038,-0.0665745,1.25301,-0.417405,1.53038,
0.023041,0.70016,-0.231492,1.13623,0.023041,0.70016,-0.231492,1.13623,0.023041,0.70016,-0.231492,1.13623,0.114021,1.06797,-0.291252,0.902192,0.114021,1.06797,-0.291252,0.902192,-0.00990088,1.4302,-0.427537,1.23206,-0.00990088,1.4302,-0.427537,1.23206,-0.00990088,1.4302,-0.427537,1.23206,-0.0253907,1.13943,-0.367657,1.46433,-0.0253907,1.13943,-0.367657,1.46433,
0.023041,0.70016,-0.231492,1.13623,0.023041,0.70016,-0.231492,1.13623,0.023041,0.70016,-0.231492,1.13623,0.114021,1.06797,-0.291252,0.902192,0.114021,1.06797,-0.291252,0.902192,-0.0300865,1.48719,-0.447723,1.28905,-0.0300865,1.48719,-0.447723,1.28905,-0.0300865,1.48719,-0.447723,1.28905,-0.0455763,1.18804,-0.387843,1.52132,-0.0455763,1.18804,-0.387843,1.52132,
0.023041,0.70016,-0.231492,1.13623,0.023041,0.70016,-0.231492,1.13623,0.023041,0.70016,-0.231492,1.13623,0.114021,1.06797,-0.291252,0.902192,0.114021,1.06797,-0.291252,0.902192,-0.0160916,1.45441,-0.433728,1.25627,-0.0160916,1.45441,-0.433728,1.25627,-0.0160916,1.45441,-0.433728,1.25627,-0.0315814,1.15525,-0.373848,1.48853,-0.0315814,1.15525,-0.373848,1.48853,
0.023041,0.70016,-0.231492,1.13623,0.023041,0.70016,-0.231492,1.13623,0.023041,0.70016,-0.231492,1.13623,0.114021,1.06797,-0.291252,0.902192,0.114021,1.06797,-0.291252,0.902192,-0.0239636,1.47392,-0.4416,1.27578,-0.0239636,1.47392,-0.4416,1.27578,-0.0239636,1.47392,-0.4416,1.27578,-0.0394534,1.17476,-0.38172,1.50804,-0.0394534,1.17476,-0.38172,1.50804,
0.023041,0.70016,-0.231492,1.13623,0.023041,0.70016,-0.231492,1.13623,0.023041,0.70016,-0.231492,1.13623,0.114021,1.06797,-0.291252,0.902192,0.114021,1.06797,-0.291252,0.902192,-0.019245,1.46243,-0.436882,1.26429,-0.019245,1.46243,-0.436882,1.26429,-0.019245,1.46243,-0.436882,1.26429,-0.0347348,1.16328,-0.377002,1.49656,-0.0347348,1.16328,-0.377002,1.49656,
0.023041,0.70016,-0.231492,1.13623,0.023041,0.70016,-0.231492,1.13623,0.023041,0.70016,-0.231492,1.13623,0.114021,1.06797,-0.291252,0.902192,0.114021,1.06797,-0.291252,0.902192,-0.0220165,1.46922,-0.439653,1.27108,-0.0220165,1.46922,-0.439653,1.27108,-0.0220165,1.46922,-0.439653,1.27108,-0.0375063,1.17006,-0.379773,1.50334,-0.0375063,1.17006,-0.379773,1.50334,
0.023041,0.70016,-0.231492,1.13623,0.023041,0.70016,-0.231492,1.13623,0.023041,0.70016,-0.231492,1.13623,0.114021,1.06797,-0.291252,0.902192,0.0314776,1.35724,-0.401656,1.12674,0.0314776,1.35724,-0.401656,1.12674,0.0314776,1.35724,-0.401656,1.12674,0.0314776,1.35724,-0.401656,1.12674,-0.00914801,1.12674,-0.338522,1.35724,-0.0713371,1.29819,-0.392971,1.52869,
0.023041,0.70016,-0.231492,1.13623,0.023041,0.70016,-0.231492,1.13623,0.023041,0.70016,-0.231492,1.13623,0.114021,1.06797,-0.291252,0.902192,-0.0622672,1.4897,-0.479904,1.29156,-0.0622672,1.4897,-0.479904,1.29156,-0.0622672,1.4897,-0.479904,1.29156,-0.0622672,1.4897,-0.479904,1.29156,-0.0635756,1.19054,-0.420024,1.52383,-0.208555,1.68093,-0.608555,1.91143,
0.023041,0.70016,-0.231492,1.13623,0.023041,0.70016,-0.231492,1.13623,0.023041,0.70016,-0.231492,1.13623,0.114021,1.06797,-0.291252,0.902192,-0.0088913,1.40833,-0.426528,1.21019,-0.0088913,1.40833,-0.426528,1.21019,-0.0088913,1.40833,-0.426528,1.21019,-0.0088913,1.40833,-0.426528,1.21019,-0.0243811,1.1511,-0.366648,1.44246,-0.101803,1.51819,-0.501803,1.74869,
0.023041,0.70016,-0.231492,1.13623,0.023041,0.70016,-0.231492,1.13623,0.023041,0.70016,-0.231492,1.13623,0.114021,1.06797,-0.291252,0.902192,-0.0354495,1.4587,-0.453086,1.26056,-0.0354495,1.4587,-0.453086,1.26056,-0.0354495,1.4587,-0.453086,1.26056,-0.0354495,1.4587,-0.453086,1.26056,-0.0509393,1.15955,-0.393206,1.49283,-0.15492,1.61893,-0.55492,1.84943,
0.023041,0.70016,-0.231492,1.13623,0.023041,0.70016,-0.231492,1.13623,0.023041,0.70016,-0.231492,1.13623,0.114021,1.06797,-0.291252,0.902192,-0.0213016,1.42825,-0.438938,1.23011,-0.0213016,1.42825,-0.438938,1.23011,-0.0213016,1.42825,-0.438938,1.23011,-0.0213016,1.42825,-0.438938,1.23011,-0.0367914,1.1511,-0.379058,1.46237,-0.126624,1.55802,-0.526624,1.78852,
0.023041,0.70016,-0.231492,1.13623,0.023041,0.70016,-0.231492,1.13623,0.023041,0.70016,-0.231492,1.13623,0.114021,1.06797,-0.291252,0.902192,-0.029825,1.44614,-0.447461,1.248,-0.029825,1.44614,-0.447461,1.248,-0.029825,1.44614,-0.447461,1.248,-0.029825,1.44614,-0.447461,1.248,-0.0453148,1.1511,-0.387582,1.48027,-0.143671,1.59381,-0.543671,1.82431,
0.023041,0.70016,-0.231492,1.13623,0.023041,0.70016,-0.231492,1.13623,0.023041,0.70016,-0.231492,1.13623,0.114021,1.06797,-0.291252,0.902192,-0.0248139,1.43557,-0.44245,1.23743,-0.0248139,1.43557,-0.44245,1.23743,-0.0248139,1.43557,-0.44245,1.23743,-0.0248139,1.43557,-0.44245,1.23743,-0.0403037,1.1511,-0.38257,1.4697,-0.133648,1.57267,-0.533648,1.80317,
0.023041,0.70016,-0.231492,1.13623,0.023041,0.70016,-0.231492,1.13623,0.023041,0.70016,-0.231492,1.13623,0.114021,1.06797,-0.291252,0.902192,-0.0277738,1.44181,-0.44541,1.24367,-0.0277738,1.44181,-0.44541,1.24367,-0.0277738,1.44181,-0.44541,1.24367,-0.0277738,1.44181,-0.44541,1.24367,-0.0432636,1.1511,-0.38553,1.47594,-0.139568,1.58514,-0.539568,1.81564,
0.023041,0.70016,-0.231492,1.13623,0.023041,0.70016,-0.231492,1.13623,0.114021,1.06797,-0.291252,0.902192,0.028828,1.39809,-0.404563,1.16759,0.028828,1.39809,-0.404563,1.16759,0.028828,1.39809,-0.404563,1.16759,0.028828,1.39809,-0.404563,1.16759,-0.0106171,1.16759,-0.341172,1.39809,-0.0742753,1.34738,-0.40576,1.57788,-0.0742753,1.34738,-0.40576,1.57788,
0.023041,0.70016,-0.231492,1.13623,0.023041,0.70016,-0.231492,1.13623,0.114021,1.06797,-0.291252,0.902192,-0.0571949,1.4711,-0.474831,1.27296,-0.0571949,1.4711,-0.474831,1.27296,-0.0571949,1.4711,-0.474831,1.27296,-0.0571949,1.4711,-0.474831,1.27296,-0.0715433,1.18604,-0.414952,1.50523,-0.198411,1.64373,-0.59841,1.87423,-0.198411,1.64373,-0.59841,1.87423,
0.023041,0.70016,-0.231492,1.13623,0.023041,0.70016,-0.231492,1.13623,0.114021,1.06797,-0.291252,0.902192,-0.0271118,1.41675,-0.444748,1.21861,-0.0271118,1.41675,-0.444748,1.21861,-0.0271118,1.41675,-0.444748,1.21861,-0.0271118,1.41675,-0.444748,1.21861,-0.0426015,1.18243,-0.384868,1.45088,-0.138244,1.53504,-0.538244,1.76554,-0.138244,1.53504,-0.538244,1.76554,
0.023041,0.70016,-0.231492,1.13623,0.023041,0.70016,-0.231492,1.13623,0.114021,1.06797,-0.291252,0.902192,-0.0375618,1.45182,-0.455198,1.25368,-0.0375618,1.45182,-0.455198,1.25368,-0.0375618,1.45182,-0.455198,1.25368,-0.0375618,1.45182,-0.455198,1.25368,-0.0530516,1.18414,-0.395318,1.48595,-0.159144,1.60517,-0.559144,1.83567,-0.159144,1.60517,-0.559144,1.83567,
0.023041,0.70016,-0.231492,1.13623,0.023041,0.70016,-0.231492,1.13623,0.114021,1.06797,-0.291252,0.902192,-0.0277703,1.43261,-0.445407,1.23447,-0.0277703,1.43261,-0.445407,1.23447,-0.0277703,1.43261,-0.445407,1.23447,-0.0277703,1.43261,-0.445407,1.23447,-0.04326,1.18499,-0.385527,1.46673,-0.139561,1.56674,-0.539561,1.79724,-0.139561,1.56674,-0.539561,1.79724,
0.023041,0.70016,-0.231492,1.13623,0.023041,0.70016,-0.231492,1.13623,0.114021,1.06797,-0.291252,0.902192,-0.031752,1.44468,-0.449388,1.24654,-0.031752,1.44468,-0.449388,1.24654,-0.031752,1.44468,-0.449388,1.24654,-0.031752,1.44468,-0.449388,1.24654,-0.0472418,1.18541,-0.389509,1.47881,-0.147525,1.59089,-0.547525,1.82139,-0.147525,1.59089,-0.547525,1.82139,
0.023041,0.70016,-0.231492,1.13623,0.023041,0.70016,-0.231492,1.13623,0.114021,1.06797,-0.291252,0.902192,-0.0285103,1.43792,-0.446147,1.23978,-0.0285103,1.43792,-0.446147,1.23978,-0.0285103,1.43792,-0.446147,1.23978,-0.0285103,1.43792,-0.446147,1.23978,-0.0440001,1.18561,-0.386267,1.47205,-0.141041,1.57737,-0.541041,1.80787,-0.141041,1.57737,-0.541041,1.80787,
0.023041,0.70016,-0.231492,1.13623,0.114021,1.06797,-0.291252,0.902192,0.0236561,1.46912,-0.411526,1.23862,0.0236561,1.46912,-0.411526,1.23862,0.0236561,1.46912,-0.411526,1.23862,0.0236561,1.46912,-0.411526,1.23862,-0.0173611,1.23862,-0.343436,1.46912,-0.0877633,1.44341,-0.423545,1.67391,-0.0877633,1.44341,-0.423545,1.67391,-0.0877633,1.44341,-0.423545,1.67391,
0.023041,0.70016,-0.231492,1.13623,0.114021,1.06797,-0.291252,0.902192,-0.0504769,1.47713,-0.468113,1.27342,-0.0504769,1.47713,-0.468113,1.27342,-0.0504769,1.47713,-0.468113,1.27342,-0.0504769,1.47713,-0.468113,1.27342,-0.0659667,1.24663,-0.408233,1.50569,-0.184974,1.64465,-0.584974,1.87515,-0.184974,1.64465,-0.584974,1.87515,-0.184974,1.64465,-0.584974,1.87515,
0.023041,0.70016,-0.231492,1.13623,0.114021,1.06797,-0.291252,0.902192,-0.0459033,1.46981,-0.46354,1.24989,-0.0459033,1.46981,-0.46354,1.24989,-0.0459033,1.46981,-0.46354,1.24989,-0.0459033,1.46981,-0.46354,1.24989,-0.0613931,1.23931,-0.40366,1.48216,-0.175827,1.59758,-0.575827,1.82808,-0.175827,1.59758,-0.575827,1.82808,-0.175827,1.59758,-0.575827,1.82808,
0.023041,0.70016,-0.231492,1.13623,0.114021,1.06797,-0.291252,0.902192,-0.0506108,1.46934,-0.468247,1.25465,-0.0506108,1.46934,-0.468247,1.25465,-0.0506108,1.46934,-0.468247,1.25465,-0.0506108,1.46934,-0.468247,1.25465,-0.0661006,1.23884,-0.408367,1.48692,-0.185242,1.60711,-0.585242,1.83761,-0.185242,1.60711,-0.585242,1.83761,-0.185242,1.60711,-0.585242,1.83761,
0.114021,1.06797,-0.291252,0.902192,0.0165002,1.52298,-0.416862,1.29248,0.0165002,1.52298,-0.416862,1.29248,0.0165002,1.52298,-0.416862,1.29248,0.0165002,1.52298,-0.416862,1.29248,-0.0227743,1.29248,-0.351903,1.52298,-0.0985897,1.50802,-0.437841,1.73852,-0.0985897,1.50802,-0.437841,1.73852,-0.0985897,1.50802,-0.437841,1.73852,-0.0985897,1.50802,-0.437841,1.73852,
0.114021,1.06797,-0.291252,0.902192,-0.0344646,1.51566,-0.452101,1.28516,-0.0344646,1.51566,-0.452101,1.28516,-0.0344646,1.51566,-0.452101,1.28516,-0.0344646,1.51566,-0.452101,1.28516,-0.0499544,1.28516,-0.392221,1.51566,-0.15295,1.58523,-0.55295,1.81573,-0.15295,1.58523,-0.55295,1.81573,-0.15295,1.58523,-0.55295,1.81573,-0.15295,1.58523,-0.55295,1.81573,
0.114021,1.06797,-0.291252,0.902192,-0.0419682,1.51316,-0.459605,1.28266,-0.0419682,1.51316,-0.459605,1.28266,-0.0419682,1.51316,-0.459605,1.28266,-0.0419682,1.51316,-0.459605,1.28266,-0.057458,1.28266,-0.399725,1.51316,-0.167957,1.55739,-0.567957,1.78789,-0.167957,1.55739,-0.567957,1.78789,-0.167957,1.55739,-0.567957,1.78789,-0.167957,1.55739,-0.567957,1.78789,
0.114021,1.06797,-0.291252,0.902192,0.114021,1.06797,-0.291252,0.902192,0.114021,1.06797,-0.291252,0.902192,0.114021,1.06797,-0.291252,0.902192,0.0669197,0.953707,-0.232382,1.15643,-0.00251538,1.31686,-0.374673,1.54736,-0.00251538,1.31686,-0.374673,1.54736,-0.00251538,1.31686,-0.374673,1.54736,-0.00251538,1.31686,-0.374673,1.54736,-0.00467256,1.54736,-0.419331,1.31686,
0.114021,1.06797,-0.291252,0.902192,0.114021,1.06797,-0.291252,0.902192,0.114021,1.06797,-0.291252,0.902192,0.114021,1.06797,-0.291252,0.902192,0.0669197,0.953707,-0.232382,1.15643,-0.22633,1.66388,-0.617489,1.89438,-0.22633,1.66388,-0.617489,1.89438,-0.22633,1.66388,-0.617489,1.89438,-0.22633,1.66388,-0.617489,1.89438,-0.25633,1.89438,-0.65633,1.66388,
0.114021,1.06797,-0.291252,0.902192,0.114021,1.06797,-0.291252,0.902192,0.114021,1.06797,-0.291252,0.902192,0.114021,1.06797,-0.291252,0.902192,0.0669197,0.953707,-0.232382,1.15643,-0.174147,1.64863,-0.538798,1.86984,-0.174147,1.64863,-0.538798,1.86984,-0.174147,1.64863,-0.538798,1.86984,-0.174147,1.64863,-0.538798,1.86984,-0.180597,1.82562,-0.598233,1.62748,
0.114021,1.06797,-0.291252,0.902192,0.114021,1.06797,-0.291252,0.902192,0.114021,1.06797,-0.291252,0.902192,0.114021,1.06797,-0.291252,0.902192,0.0669197,0.953707,-0.232382,1.15643,-0.180754,1.65928,-0.545405,1.88978,-0.180754,1.65928,-0.545405,1.88978,-0.180754,1.65928,-0.545405,1.88978,-0.180754,1.65928,-0.545405,1.88978,-0.187204,1.85974,-0.60484,1.65928,
0.114021,1.06797,-0.291252,0.902192,0.114021,1.06797,-0.291252,0.902192,0.114021,1.06797,-0.291252,0.902192,0.114021,1.06797,-0.291252,0.902192,0.0669197,0.953707,-0.232382,1.15643,-0.17509,1.6596,-0.539741,1.8901,-0.17509,1.6596,-0.539741,1.8901,-0.17509,1.6596,-0.539741,1.8901,-0.17509,1.6596,-0.539741,1.8901,-0.181539,1.84759,-0.599176,1.64945,
0.114021,1.06797,-0.291252,0.902192,0.114021,1.06797,-0.291252,0.902192,0.114021,1.06797,-0.291252,0.902192,0.114021,1.06797,-0.291252,0.902192,0.0669197,0.953707,-0.232382,1.15643,-0.17508,1.6602,-0.539731,1.8907,-0.17508,1.6602,-0.539731,1.8907,-0.17508,1.6602,-0.539731,1.8907,-0.17508,1.6602,-0.539731,1.8907,-0.181529,1.84975,-0.599166,1.65161,
0.114021,1.06797,-0.291252,0.902192,0.114021,1.06797,-0.291252,0.902192,0.114021,1.06797,-0.291252,0.902192,0.0669197,0.953707,-0.232382,1.15643,-0.010854,1.36305,-0.396973,1.59355,-0.010854,1.36305,-0.396973,1.59355,-0.010854,1.36305,-0.396973,1.59355,-0.010854,1.36305,-0.396973,1.59355,-0.0269727,1.59355,-0.427661,1.36305,-0.104011,1.79745,-0.53407,1.56695,
0.114021,1.06797,-0.291252,0.902192,0.114021,1.06797,-0.291252,0.902192,0.114021,1.06797,-0.291252,0.902192,0.0669197,0.953707,-0.232382,1.15643,-0.162242,1.66753,-0.526893,1.89803,-0.162242,1.66753,-0.526893,1.89803,-0.162242,1.66753,-0.526893,1.89803,-0.162242,1.66753,-0.526893,1.89803,-0.168692,1.89803,-0.586328,1.66753,-0.451404,2.78888,-0.851404,2.55838,
0.114021,1.06797,-0.291252,0.902192,0.114021,1.06797,-0.291252,0.902192,0.114021,1.06797,-0.291252,0.902192,0.0669197,0.953707,-0.232382,1.15643,-0.0832991,1.57688,-0.450362,1.79349,-0.0832991,1.57688,-0.450362,1.79349,-0.0832991,1.57688,-0.450362,1.79349,-0.0832991,1.57688,-0.450362,1.79349,-0.0897486,1.74926,-0.507385,1.55112,-0.293518,2.43055,-0.693518,2.20005,
0.114021,1.06797,-0.291252,0.902192,0.114021,1.06797,-0.291252,0.902192,0.114021,1.06797,-0.291252,0.902192,0.0669197,0.953707,-0.232382,1.15643,-0.107535,1.65066,-0.472186,1.86727,-0.107535,1.65066,-0.472186,1.86727,-0.107535,1.65066,-0.472186,1.86727,-0.107535,1.65066,-0.472186,1.86727,-0.113984,1.82305,-0.531621,1.62491,-0.341989,2.57812,-0.741989,2.34762,
0.114021,1.06797,-0.291252,0.902192,0.114021,1.06797,-0.291252,0.902192,0.114021,1.06797,-0.291252,0.902192,0.0669197,0.953707,-0.232382,1.15643,-0.0881335,1.60971,-0.452785,1.82632,-0.0881335,1.60971,-0.452785,1.82632,-0.0881335,1.60971,-0.452785,1.82632,-0.0881335,1.60971,-0.452785,1.82632,-0.0945831,1.78209,-0.51222,1.58395,-0.303187,2.4962,-0.703187,2.2657,
0.114021,1.06797,-0.291252,0.902192,0.114021,1.06797,-0.291252,0.902192,0.114021,1.06797,-0.291252,0.902192,0.0669197,0.953707,-0.232382,1.15643,-0.0973382,1.6348,-0.461989,1.85141,-0.0973382,1.6348,-0.461989,1.85141,-0.0973382,1.6348,-0.461989,1.85141,-0.0973382,1.6348,-0.461989,1.85141,-0.103788,1.80718,-0.521424,1.60904,-0.321596,2.54639,-0.721596,2.31589,
0.114021,1.06797,-0.291252,0.902192,0.114021,1.06797,-0.291252,0.902192,0.114021,1.06797,-0.291252,0.902192,0.0669197,0.953707,-0.232382,1.15643,-0.0910056,1.62036,-0.455657,1.83697,-0.0910056,1.62036,-0.455657,1.83697,-0.0910056,1.62036,-0.455657,1.83697,-0.0910056,1.62036,-0.455657,1.83697,-0.0974551,1.79274,-0.515092,1.5946,-0.308931,2.51751,-0.708931,2.28701,
0.114021,1.06797,-0.291252,0.902192,0.114021,1.06797,-0.291252,0.902192,0.114021,1.06797,-0.291252,0.902192,0.0669197,0.953707,-0.232382,1.15643,-0.0943827,1.62903,-0.459034,1.84564,-0.0943827,1.62903,-0.459034,1.84564,-0.0943827,1.62903,-0.459034,1.84564,-0.0943827,1.62903,-0.459034,1.84564,-0.100832,1.80141,-0.518469,1.60327,-0.315685,2.53485,-0.715685,2.30435,
0.114021,1.06797,-0.291252,0.902192,0.114021,1.06797,-0.291252,0.902192,0.114021,1.06797,-0.291252,0.902192,0.0669197,0.953707,-0.232382,1.15643,-0.0922451,1.62397,-0.456896,1.84058,-0.0922451,1.62397,-0.456896,1.84058,-0.0922451,1.62397,-0.456896,1.84058,-0.0922451,1.62397,-0.456896,1.84058,-0.0986946,1.79635,-0.516331,1.59821,-0.31141,2.52473,-0.71141,2.29423,
0.114021,1.06797,-0.291252,0.902192,0.114021,1.06797,-0.291252,0.902192,0.114021,1.06797,-0.291252,0.902192,0.0669197,0.953707,-0.232382,1.15643,-0.0934489,1.62698,-0.4581,1.84359,-0.0934489,1.62698,-0.4581,1.84359,-0.0934489,1.62698,-0.4581,1.84359,-0.0934489,1.62698,-0.4581,1.84359,-0.0998985,1.79936,-0.517535,1.60122,-0.313818,2.53075,-0.713817,2.30025,
0.114021,1.06797,-0.291252,0.902192,0.114021,1.06797,-0.291252,0.902192,0.0669197,0.953707,-0.232382,1.15643,-0.0312825,1.42533,-0.431282,1.65583,-0.0312825,1.42533,-0.431282,1.65583,-0.0312825,1.42533,-0.431282,1.65583,-0.0312825,1.42533,-0.431282,1.65583,-0.0612825,1.65583,-0.461282,1.42533,-0.155068,1.87436,-0.564102,1.64386,-0.155068,1.87436,-0.564102,1.64386,
0.114021,1.06797,-0.291252,0.902192,0.114021,1.06797,-0.291252,0.902192,0.0669197,0.953707,-0.232382,1.15643,-0.0963277,1.64906,-0.460979,1.86567,-0.0963277,1.64906,-0.460979,1.86567,-0.0963277,1.64906,-0.460979,1.86567,-0.0963277,1.64906,-0.460979,1.86567,-0.102777,1.82144,-0.520414,1.6233,-0.319575,2.57491,-0.719575,2.34441,-0.319575,2.57491,-0.719575,2.34441,
0.114021,1.06797,-0.291252,0.902192,0.114021,1.06797,-0.291252,0.902192,0.0669197,0.953707,-0.232382,1.15643,-0.0251503,1.55043,-0.42515,1.76704,-0.0251503,1.55043,-0.42515,1.76704,-0.0251503,1.55043,-0.42515,1.76704,-0.0251503,1.55043,-0.42515,1.76704,-0.0551503,1.76474,-0.45515,1.53424,-0.176148,2.37766,-0.576148,2.14716,-0.176148,2.37766,-0.576148,2.14716,
0.114021,1.06797,-0.291252,0.902192,0.114021,1.06797,-0.291252,0.902192,0.0669197,0.953707,-0.232382,1.15643,-0.0352571,1.61006,-0.420151,1.82667,-0.0352571,1.61006,-0.420151,1.82667,-0.0352571,1.61006,-0.420151,1.82667,-0.0352571,1.61006,-0.420151,1.82667,-0.0501508,1.78244,-0.459343,1.5843,-0.197434,2.4969,-0.597434,2.2664,-0.197434,2.4969,-0.597434,2.2664,
0.114021,1.06797,-0.291252,0.902192,0.114021,1.06797,-0.291252,0.902192,0.0669197,0.953707,-0.232382,1.15643,-0.0241329,1.58678,-0.410889,1.80339,-0.0241329,1.58678,-0.410889,1.80339,-0.0241329,1.58678,-0.410889,1.80339,-0.0241329,1.58678,-0.410889,1.80339,-0.0408886,1.77058,-0.441791,1.56102,-0.161018,2.45035,-0.56233,2.21985,-0.161018,2.45035,-0.56233,2.21985,
0.114021,1.06797,-0.291252,0.902192,0.114021,1.06797,-0.291252,0.902192,0.0669197,0.953707,-0.232382,1.15643,-0.0241329,1.60104,-0.409383,1.81765,-0.0241329,1.60104,-0.409383,1.81765,-0.0241329,1.60104,-0.409383,1.81765,-0.0241329,1.60104,-0.409383,1.81765,-0.0393833,1.77342,-0.443163,1.57528,-0.165074,2.47887,-0.565074,2.24837,-0.165074,2.47887,-0.565074,2.24837,
0.114021,1.06797,-0.291252,0.902192,0.114021,1.06797,-0.291252,0.902192,0.0669197,0.953707,-0.232382,1.15643,-0.0241329,1.59571,-0.407029,1.81232,-0.0241329,1.59571,-0.407029,1.81232,-0.0241329,1.59571,-0.407029,1.81232,-0.0241329,1.59571,-0.407029,1.81232,-0.0370287,1.77216,-0.441791,1.56995,-0.156093,2.46821,-0.56233,2.23771,-0.156093,2.46821,-0.56233,2.23771,
0.114021,1.06797,-0.291252,0.902192,0.0669197,0.953707,-0.232382,1.15643,-0.0677993,1.50206,-0.467799,1.73256,-0.0677993,1.50206,-0.467799,1.73256,-0.0677993,1.50206,-0.467799,1.73256,-0.0677993,1.50206,-0.467799,1.73256,-0.0977993,1.73256,-0.497799,1.50206,-0.206726,1.98316,-0.609629,1.75266,-0.206726,1.98316,-0.609629,1.75266,-0.206726,1.98316,-0.609629,1.75266,
0.114021,1.06797,-0.291252,0.902192,0.0669197,0.953707,-0.232382,1.15643,-0.055038,1.54765,-0.455038,1.77578,-0.055038,1.54765,-0.455038,1.77578,-0.055038,1.54765,-0.455038,1.77578,-0.055038,1.54765,-0.455038,1.77578,-0.085038,1.77578,-0.485038,1.54528,-0.205936,2.3721,-0.608468,2.1416,-0.205936,2.3721,-0.608468,2.1416,-0.205936,2.3721,-0.608468,2.1416,
0.114021,1.06797,-0.291252,0.902192,0.0669197,0.953707,-0.232382,1.15643,-0.0476345,1.54945,-0.444839,1.77995,-0.0476345,1.54945,-0.444839,1.77995,-0.0476345,1.54945,-0.444839,1.77995,-0.0476345,1.54945,-0.444839,1.77995,-0.074839,1.77995,-0.474839,1.54945,-0.179597,2.33801,-0.607541,2.10751,-0.179597,2.33801,-0.607541,2.10751,-0.179597,2.33801,-0.607541,2.10751,
0.114021,1.06797,-0.291252,0.902192,0.0669197,0.953707,-0.232382,1.15643,-0.0476345,1.54945,-0.444839,1.77995,-0.0476345,1.54945,-0.444839,1.77995,-0.0476345,1.54945,-0.444839,1.77995,-0.0476345,1.54945,-0.444839,1.77995,-0.074839,1.77995,-0.474839,1.54945,-0.191637,2.33308,-0.607541,2.10258,-0.191637,2.33308,-0.607541,2.10258,-0.191637,2.33308,-0.607541,2.10258,
0.0669197,0.953707,-0.232382,1.15643,-0.100143,1.55336,-0.500143,1.78386,-0.100143,1.55336,-0.500143,1.78386,-0.100143,1.55336,-0.500143,1.78386,-0.100143,1.55336,-0.500143,1.78386,-0.130143,1.78386,-0.530143,1.55336,-0.24882,2.03855,-0.64882,1.80805,-0.24882,2.03855,-0.64882,1.80805,-0.24882,2.03855,-0.64882,1.80805,-0.24882,2.03855,-0.64882,1.80805,
0.0669197,0.953707,-0.232382,1.15643,-0.0781381,1.53349,-0.478138,1.76399,-0.0781381,1.53349,-0.478138,1.76399,-0.0781381,1.53349,-0.478138,1.76399,-0.0781381,1.53349,-0.478138,1.76399,-0.108138,1.76399,-0.508138,1.53349,-0.191497,2.06525,-0.63571,1.83475,-0.191497,2.06525,-0.63571,1.83475,-0.191497,2.06525,-0.63571,1.83475,-0.191497,2.06525,-0.63571,1.83475,
0.0669197,0.953707,-0.232382,1.15643,0.0669197,0.953707,-0.232382,1.15643,0.0669197,0.953707,-0.232382,1.15643,0.0669197,0.953707,-0.232382,1.15643,0.0343406,1.42266,-0.401523,1.25204,-0.156599,1.82936,-0.556599,1.59886,-0.156599,1.82936,-0.556599,1.59886,-0.156599,1.82936,-0.556599,1.59886,-0.156599,1.82936,-0.556599,1.59886,-0.126599,1.59886,-0.526599,1.82936,
0.0669197,0.953707,-0.232382,1.15643,0.0669197,0.953707,-0.232382,1.15643,0.0669197,0.953707,-0.232382,1.15643,0.0669197,0.953707,-0.232382,1.15643,0.0343406,1.42266,-0.401523,1.25204,-0.346989,2.23683,-0.746989,2.00633,-0.346989,2.23683,-0.746989,2.00633,-0.346989,2.23683,-0.746989,2.00633,-0.346989,2.23683,-0.746989,2.00633,-0.316989,2.00633,-0.716989,2.23683,
0.0669197,0.953707,-0.232382,1.15643,0.0669197,0.953707,-0.232382,1.15643,0.0669197,0.953707,-0.232382,1.15643,0.0669197,0.953707,-0.232382,1.15643,0.0343406,1.42266,-0.401523,1.25204,-0.346989,2.23683,-0.746989,2.00633,-0.346989,2.23683,-0.746989,2.00633,-0.346989,2.23683,-0.746989,2.00633,-0.346989,2.23683,-0.746989,2.00633,-0.316989,2.00633,-0.683447,2.23393,
0.0669197,0.953707,-0.232382,1.15643,0.0669197,0.953707,-0.232382,1.15643,0.0669197,0.953707,-0.232382,1.15643,0.0669197,0.953707,-0.232382,1.15643,0.0343406,1.42266,-0.401523,1.25204,-0.346989,2.23683,-0.746989,2.00633,-0.346989,2.23683,-0.746989,2.00633,-0.346989,2.23683,-0.746989,2.00633,-0.346989,2.23683,-0.746989,2.00633,-0.316989,2.00633,-0.686055,2.23416,
0.0669197,0.953707,-0.232382,1.15643,0.0669197,0.953707,-0.232382,1.15643,0.0669197,0.953707,-0.232382,1.15643,0.0343406,1.42266,-0.401523,1.25204,-0.135908,1.83433,-0.536972,1.60383,-0.135908,1.83433,-0.536972,1.60383,-0.135908,1.83433,-0.536972,1.60383,-0.135908,1.83433,-0.536972,1.60383,-0.105908,1.60383,-0.505908,1.83433,-0.221838,1.82039,-0.593466,2.05089,
0.0669197,0.953707,-0.232382,1.15643,0.0669197,0.953707,-0.232382,1.15643,0.0669197,0.953707,-0.232382,1.15643,0.0343406,1.42266,-0.401523,1.25204,-0.311512,2.17863,-0.711512,1.94813,-0.311512,2.17863,-0.711512,1.94813,-0.311512,2.17863,-0.711512,1.94813,-0.311512,2.17863,-0.711512,1.94813,-0.281512,1.94813,-0.668758,2.17863,-0.705134,3.01286,-1.10513,3.24336,
0.0669197,0.953707,-0.232382,1.15643,0.0669197,0.953707,-0.232382,1.15643,0.0669197,0.953707,-0.232382,1.15643,0.0343406,1.42266,-0.401523,1.25204,-0.247743,2.1298,-0.680675,1.92924,-0.247743,2.1298,-0.680675,1.92924,-0.247743,2.1298,-0.680675,1.92924,-0.247743,2.1298,-0.680675,1.92924,-0.201453,1.78813,-0.566104,2.01863,-0.499826,2.60644,-0.899826,2.83694,
0.0669197,0.953707,-0.232382,1.15643,0.0669197,0.953707,-0.232382,1.15643,0.0669197,0.953707,-0.232382,1.15643,0.0343406,1.42266,-0.401523,1.25204,-0.281306,2.17055,-0.711512,1.94813,-0.281306,2.17055,-0.711512,1.94813,-0.281306,2.17055,-0.711512,1.94813,-0.281306,2.17055,-0.711512,1.94813,-0.235016,1.82083,-0.599667,2.03744,-0.566952,2.68795,-0.966952,2.91845,
0.0669197,0.953707,-0.232382,1.15643,0.0669197,0.953707,-0.232382,1.15643,0.0669197,0.953707,-0.232382,1.15643,0.0343406,1.42266,-0.401523,1.25204,-0.268595,2.14492,-0.701527,1.94436,-0.268595,2.14492,-0.701527,1.94436,-0.268595,2.14492,-0.701527,1.94436,-0.268595,2.14492,-0.701527,1.94436,-0.222305,1.79519,-0.586956,2.01863,-0.54153,2.63667,-0.94153,2.86717,
0.0669197,0.953707,-0.232382,1.15643,0.0669197,0.953707,-0.232382,1.15643,0.0669197,0.953707,-0.232382,1.15643,0.0343406,1.42266,-0.401523,1.25204,-0.276097,2.15952,-0.709029,1.94813,-0.276097,2.15952,-0.709029,1.94813,-0.276097,2.15952,-0.709029,1.94813,-0.276097,2.15952,-0.709029,1.94813,-0.229807,1.80979,-0.594458,2.0264,-0.556535,2.66587,-0.956535,2.89637,
0.0669197,0.953707,-0.232382,1.15643,0.0669197,0.953707,-0.232382,1.15643,0.0669197,0.953707,-0.232382,1.15643,0.0343406,1.42266,-0.401523,1.25204,-0.271669,2.15143,-0.704601,1.94813,-0.271669,2.15143,-0.704601,1.94813,-0.271669,2.15143,-0.704601,1.94813,-0.271669,2.15143,-0.704601,1.94813,-0.22538,1.8017,-0.590031,2.01863,-0.547679,2.6497,-0.947679,2.8802,
0.0669197,0.953707,-0.232382,1.15643,0.0669197,0.953707,-0.232382,1.15643,0.0669197,0.953707,-0.232382,1.15643,0.0343406,1.42266,-0.401523,1.25204,-0.274282,2.15618,-0.707214,1.94813,-0.274282,2.15618,-0.707214,1.94813,-0.274282,2.15618,-0.707214,1.94813,-0.274282,2.15618,-0.707214,1.94813,-0.227993,1.80645,-0.592644,2.02306,-0.552906,2.6592,-0.952906,2.8897,
0.0669197,0.953707,-0.232382,1.15643,0.0669197,0.953707,-0.232382,1.15643,0.0669197,0.953707,-0.232382,1.15643,0.0343406,1.42266,-0.401523,1.25204,-0.27274,2.1534,-0.705672,1.94813,-0.27274,2.1534,-0.705672,1.94813,-0.27274,2.1534,-0.705672,1.94813,-0.27274,2.1534,-0.705672,1.94813,-0.226451,1.80367,-0.591102,2.02029,-0.549821,2.65364,-0.949821,2.88414,
0.0669197,0.953707,-0.232382,1.15643,0.0669197,0.953707,-0.232382,1.15643,0.0343406,1.42266,-0.401523,1.25204,-0.107546,1.88054,-0.531375,1.65004,-0.107546,1.88054,-0.531375,1.65004,-0.107546,1.88054,-0.531375,1.65004,-0.107546,1.88054,-0.531375,1.65004,-0.0775461,1.65004,-0.477546,1.88054,-0.206772,1.87044,-0.564178,2.10094,-0.206772,1.87044,-0.564178,2.10094,
0.0669197,0.953707,-0.232382,1.15643,0.0669197,0.953707,-0.232382,1.15643,0.0343406,1.42266,-0.401523,1.25204,-0.247069,2.16292,-0.668582,1.93397,-0.247069,2.16292,-0.668582,1.93397,-0.247069,2.16292,-0.668582,1.93397,-0.247069,2.16292,-0.668582,1.93397,-0.200779,1.81319,-0.56543,2.0298,-0.498479,2.67268,-0.898479,2.90318,-0.498479,2.67268,-0.898479,2.90318,
0.0669197,0.953707,-0.232382,1.15643,0.0669197,0.953707,-0.232382,1.15643,0.0343406,1.42266,-0.401523,1.25204,-0.186205,2.00057,-0.619137,1.79921,-0.186205,2.00057,-0.619137,1.79921,-0.186205,2.00057,-0.619137,1.79921,-0.186205,2.00057,-0.619137,1.79921,-0.139915,1.77007,-0.504566,2.00057,-0.37675,2.34637,-0.77675,2.57687,-0.37675,2.34637,-0.77675,2.57687,
0.0669197,0.953707,-0.232382,1.15643,0.0669197,0.953707,-0.232382,1.15643,0.0343406,1.42266,-0.401523,1.25204,-0.219828,2.08614,-0.65276,1.88558,-0.219828,2.08614,-0.65276,1.88558,-0.219828,2.08614,-0.65276,1.88558,-0.219828,2.08614,-0.65276,1.88558,-0.173538,1.77058,-0.538189,2.00108,-0.443996,2.51912,-0.843996,2.74962,-0.443996,2.51912,-0.843996,2.74962,
0.0669197,0.953707,-0.232382,1.15643,0.0669197,0.953707,-0.232382,1.15643,0.0343406,1.42266,-0.401523,1.25204,-0.203149,2.04101,-0.636081,1.84045,-0.203149,2.04101,-0.636081,1.84045,-0.203149,2.04101,-0.636081,1.84045,-0.203149,2.04101,-0.636081,1.84045,-0.156859,1.76987,-0.52151,2.00037,-0.410638,2.42885,-0.810638,2.65935,-0.410638,2.42885,-0.810638,2.65935,
0.0669197,0.953707,-0.232382,1.15643,0.0669197,0.953707,-0.232382,1.15643,0.0343406,1.42266,-0.401523,1.25204,-0.212275,2.06447,-0.645207,1.86391,-0.212275,2.06447,-0.645207,1.86391,-0.212275,2.06447,-0.645207,1.86391,-0.212275,2.06447,-0.645207,1.86391,-0.165985,1.77003,-0.530636,2.00053,-0.42889,2.47579,-0.82889,2.70629,-0.42889,2.47579,-0.82889,2.70629,
0.0669197,0.953707,-0.232382,1.15643,0.0669197,0.953707,-0.232382,1.15643,0.0343406,1.42266,-0.401523,1.25204,-0.207697,2.05212,-0.640629,1.85156,-0.207697,2.05212,-0.640629,1.85156,-0.207697,2.05212,-0.640629,1.85156,-0.207697,2.05212,-0.640629,1.85156,-0.161408,1.76985,-0.526059,2.00035,-0.419735,2.45108,-0.819735,2.68158,-0.419735,2.45108,-0.819735,2.68158,
0.0669197,0.953707,-0.232382,1.15643,0.0669197,0.953707,-0.232382,1.15643,0.0343406,1.42266,-0.401523,1.25204,-0.210191,2.05855,-0.643123,1.85799,-0.210191,2.05855,-0.643123,1.85799,-0.210191,2.05855,-0.643123,1.85799,-0.210191,2.05855,-0.643123,1.85799,-0.163901,1.7699,-0.528552,2.0004,-0.424722,2.46393,-0.824722,2.69443,-0.424722,2.46393,-0.824722,2.69443,
0.0669197,0.953707,-0.232382,1.15643,0.0669197,0.953707,-0.232382,1.15643,0.0343406,1.42266,-0.401523,1.25204,-0.208935,2.05517,-0.641867,1.8546,-0.208935,2.05517,-0.641867,1.8546,-0.208935,2.05517,-0.641867,1.8546,-0.208935,2.05517,-0.641867,1.8546,-0.162645,1.76985,-0.527296,2.00035,-0.422211,2.45717,-0.822211,2.68767,-0.422211,2.45717,-0.822211,2.68767,
0.0669197,0.953707,-0.232382,1.15643,0.0343406,1.42266,-0.401523,1.25204,-0.143217,1.88485,-0.543217,1.65435,-0.143217,1.88485,-0.543217,1.65435,-0.143217,1.88485,-0.543217,1.65435,-0.143217,1.88485,-0.543217,1.65435,-0.113217,1.65435,-0.513217,1.88485,-0.210845,1.8413,-0.592778,2.0718,-0.210845,1.8413,-0.592778,2.0718,-0.210845,1.8413,-0.592778,2.0718,
0.0669197,0.953707,-0.232382,1.15643,0.0343406,1.42266,-0.401523,1.25204,-0.237501,1.95793,-0.670433,1.75737,-0.237501,1.95793,-0.670433,1.75737,-0.237501,1.95793,-0.670433,1.75737,-0.237501,1.95793,-0.670433,1.75737,-0.191212,1.72315,-0.555863,1.95365,-0.479343,2.2627,-0.879343,2.4932,-0.479343,2.2627,-0.879343,2.4932,-0.479343,2.2627,-0.879343,2.4932,
0.0669197,0.953707,-0.232382,1.15643,0.0343406,1.42266,-0.401523,1.25204,-0.204378,1.95059,-0.63731,1.72009,-0.204378,1.95059,-0.63731,1.72009,-0.204378,1.95059,-0.63731,1.72009,-0.204378,1.95059,-0.63731,1.72009,-0.158088,1.72009,-0.522739,1.95059,-0.413096,2.16083,-0.813096,2.39133,-0.413096,2.16083,-0.813096,2.39133,-0.413096,2.16083,-0.813096,2.39133,
0.0669197,0.953707,-0.232382,1.15643,0.0343406,1.42266,-0.401523,1.25204,-0.210221,1.95365,-0.643153,1.72315,-0.210221,1.95365,-0.643153,1.72315,-0.210221,1.95365,-0.643153,1.72315,-0.210221,1.95365,-0.643153,1.72315,-0.163932,1.72315,-0.528583,1.95365,-0.424784,2.17957,-0.824784,2.41007,-0.424784,2.17957,-0.824784,2.41007,-0.424784,2.17957,-0.824784,2.41007,
0.0669197,0.953707,-0.232382,1.15643,0.0343406,1.42266,-0.401523,1.25204,-0.206772,1.95365,-0.639704,1.72315,-0.206772,1.95365,-0.639704,1.72315,-0.206772,1.95365,-0.639704,1.72315,-0.206772,1.95365,-0.639704,1.72315,-0.160483,1.72315,-0.525134,1.95365,-0.417885,2.17595,-0.817885,2.40645,-0.417885,2.17595,-0.817885,2.40645,-0.417885,2.17595,-0.817885,2.40645,
0.0343406,1.42266,-0.401523,1.25204,-0.158268,1.89949,-0.558268,1.66899,-0.158268,1.89949,-0.558268,1.66899,-0.158268,1.89949,-0.558268,1.66899,-0.158268,1.89949,-0.558268,1.66899,-0.128268,1.66899,-0.528268,1.89949,-0.216778,1.83838,-0.607016,2.06888,-0.216778,1.83838,-0.607016,2.06888,-0.216778,1.83838,-0.607016,2.06888,-0.216778,1.83838,-0.607016,2.06888,
0.0343406,1.42266,-0.401523,1.25204,-0.167919,1.91087,-0.600851,1.68037,-0.167919,1.91087,-0.600851,1.68037,-0.167919,1.91087,-0.600851,1.68037,-0.167919,1.91087,-0.600851,1.68037,-0.121629,1.68037,-0.503954,1.91087,-0.340178,1.97422,-0.740178,2.20472,-0.340178,1.97422,-0.740178,2.20472,-0.340178,1.97422,-0.740178,2.20472,-0.340178,1.97422,-0.740178,2.20472,
0.0343406,1.42266,-0.401523,1.25204,-0.17267,1.91087,-0.605602,1.68037,-0.17267,1.91087,-0.605602,1.68037,-0.17267,1.91087,-0.605602,1.68037,-0.17267,1.91087,-0.605602,1.68037,-0.12638,1.68037,-0.503954,1.91087,-0.349681,1.94899,-0.749681,2.17949,-0.349681,1.94899,-0.749681,2.17949,-0.349681,1.94899,-0.749681,2.17949,-0.349681,1.94899,-0.749681,2.17949,
0.0343406,1.42266,-0.401523,1.25204,0.0343406,1.42266,-0.401523,1.25204,0.0343406,1.42266,-0.401523,1.25204,0.0343406,1.42266,-0.401523,1.25204,0.0669197,0.953707,-0.232382,1.15643,-0.1323,1.69686,-0.5323,1.92736,-0.1323,1.69686,-0.5323,1.92736,-0.1323,1.69686,-0.5323,1.92736,-0.1323,1.69686,-0.5323,1.92736,-0.1623,1.92736,-0.5623,1.69686,
0.0343406,1.42266,-0.401523,1.25204,0.0343406,1.42266,-0.401523,1.25204,0.0343406,1.42266,-0.401523,1.25204,0.0343406,1.42266,-0.401523,1.25204,0.0669197,0.953707,-0.232382,1.15643,-0.364881,2.13469,-0.729532,2.36519,-0.364881,2.13469,-0.729532,2.36519,-0.364881,2.13469,-0.729532,2.36519,-0.364881,2.13469,-0.729532,2.36519,-0.411171,2.36519,-0.825979,2.13469,
0.0343406,1.42266,-0.401523,1.25204,0.0343406,1.42266,-0.401523,1.25204,0.0343406,1.42266,-0.401523,1.25204,0.0343406,1.42266,-0.401523,1.25204,0.0669197,0.953707,-0.232382,1.15643,-0.266613,1.96943,-0.649404,2.19993,-0.266613,1.96943,-0.649404,2.19993,-0.266613,1.96943,-0.649404,2.19993,-0.266613,1.96943,-0.649404,2.19993,-0.312903,2.28549,-0.745834,2.08493,
0.0343406,1.42266,-0.401523,1.25204,0.0343406,1.42266,-0.401523,1.25204,0.0343406,1.42266,-0.401523,1.25204,0.0343406,1.42266,-0.401523,1.25204,0.0669197,0.953707,-0.232382,1.15643,-0.300534,2.03243,-0.665185,2.24904,-0.300534,2.03243,-0.665185,2.24904,-0.300534,2.03243,-0.665185,2.24904,-0.300534,2.03243,-0.665185,2.24904,-0.346824,2.36404,-0.779756,2.13354,
0.0343406,1.42266,-0.401523,1.25204,0.0343406,1.42266,-0.401523,1.25204,0.0343406,1.42266,-0.401523,1.25204,0.0343406,1.42266,-0.401523,1.25204,0.0669197,0.953707,-0.232382,1.15643,-0.288197,2.00179,-0.652848,2.2184,-0.288197,2.00179,-0.652848,2.2184,-0.288197,2.00179,-0.652848,2.2184,-0.288197,2.00179,-0.652848,2.2184,-0.334487,2.35152,-0.767419,2.13379,
0.0343406,1.42266,-0.401523,1.25204,0.0343406,1.42266,-0.401523,1.25204,0.0343406,1.42266,-0.401523,1.25204,0.0343406,1.42266,-0.401523,1.25204,0.0669197,0.953707,-0.232382,1.15643,-0.294348,2.01891,-0.658999,2.23552,-0.294348,2.01891,-0.658999,2.23552,-0.294348,2.01891,-0.658999,2.23552,-0.294348,2.01891,-0.658999,2.23552,-0.340638,2.36447,-0.773569,2.13397,
0.0343406,1.42266,-0.401523,1.25204,0.0343406,1.42266,-0.401523,1.25204,0.0343406,1.42266,-0.401523,1.25204,0.0343406,1.42266,-0.401523,1.25204,0.0669197,0.953707,-0.232382,1.15643,-0.290532,2.0092,-0.655183,2.22581,-0.290532,2.0092,-0.655183,2.22581,-0.290532,2.0092,-0.655183,2.22581,-0.290532,2.0092,-0.655183,2.22581,-0.336821,2.35893,-0.769753,2.134,
0.0343406,1.42266,-0.401523,1.25204,0.0343406,1.42266,-0.401523,1.25204,0.0343406,1.42266,-0.401523,1.25204,0.0343406,1.42266,-0.401523,1.25204,0.0669197,0.953707,-0.232382,1.15643,-0.292568,2.01469,-0.657219,2.2313,-0.292568,2.01469,-0.657219,2.2313,-0.292568,2.01469,-0.657219,2.2313,-0.292568,2.01469,-0.657219,2.2313,-0.338858,2.36442,-0.771789,2.13403,
0.0343406,1.42266,-0.401523,1.25204,0.0343406,1.42266,-0.401523,1.25204,0.0343406,1.42266,-0.401523,1.25204,0.0343406,1.42266,-0.401523,1.25204,0.0669197,0.953707,-0.232382,1.15643,-0.291286,2.01148,-0.655937,2.22809,-0.291286,2.01148,-0.655937,2.22809,-0.291286,2.01148,-0.655937,2.22809,-0.291286,2.01148,-0.655937,2.22809,-0.337576,2.36121,-0.770508,2.13404,
0.0343406,1.42266,-0.401523,1.25204,0.0343406,1.42266,-0.401523,1.25204,0.0343406,1.42266,-0.401523,1.25204,0.0343406,1.42266,-0.401523,1.25204,0.0669197,0.953707,-0.232382,1.15643,-0.292025,2.01338,-0.656676,2.23,-0.292025,2.01338,-0.656676,2.23,-0.292025,2.01338,-0.656676,2.23,-0.292025,2.01338,-0.656676,2.23,-0.338314,2.36311,-0.771246,2.13404,
0.0343406,1.42266,-0.401523,1.25204,0.0343406,1.42266,-0.401523,1.25204,0.0343406,1.42266,-0.401523,1.25204,0.0343406,1.42266,-0.401523,1.25204,-0.00203905,1.55794,-0.357933,1.74562,-0.145982,1.70199,-0.545982,1.93249,-0.145982,1.70199,-0.545982,1.93249,-0.145982,1.70199,-0.545982,1.93249,-0.145982,1.70199,-0.545982,1.93249,-0.175982,1.93249,-0.575982,1.70199,
0.0343406,1.42266,-0.401523,1.25204,0.0343406,1.42266,-0.401523,1.25204,0.0343406,1.42266,-0.401523,1.25204,0.0343406,1.42266,-0.401523,1.25204,-0.00203905,1.55794,-0.357933,1.74562,-0.361738,2.09636,-0.754685,2.32686,-0.361738,2.09636,-0.754685,2.32686,-0.361738,2.09636,-0.754685,2.32686,-0.361738,2.09636,-0.754685,2.32686,-0.373548,2.32686,-0.80648,2.09636,
0.0343406,1.42266,-0.401523,1.25204,0.0343406,1.42266,-0.401523,1.25204,0.0343406,1.42266,-0.401523,1.25204,0.0343406,1.42266,-0.401523,1.25204,-0.00203905,1.55794,-0.357933,1.74562,-0.269787,2.08701,-0.662734,2.31751,-0.269787,2.08701,-0.662734,2.31751,-0.269787,2.08701,-0.662734,2.31751,-0.269787,2.08701,-0.662734,2.31751,-0.281815,2.20777,-0.714529,2.0072,
0.0343406,1.42266,-0.401523,1.25204,0.0343406,1.42266,-0.401523,1.25204,0.0343406,1.42266,-0.401523,1.25204,0.0343406,1.42266,-0.401523,1.25204,-0.00203905,1.55794,-0.357933,1.74562,-0.273612,2.09949,-0.666559,2.32999,-0.273612,2.09949,-0.666559,2.32999,-0.273612,2.09949,-0.666559,2.32999,-0.273612,2.09949,-0.666559,2.32999,-0.285422,2.24156,-0.718354,2.041,
0.0343406,1.42266,-0.401523,1.25204,0.0343406,1.42266,-0.401523,1.25204,0.0343406,1.42266,-0.401523,1.25204,0.0343406,1.42266,-0.401523,1.25204,-0.00203905,1.55794,-0.357933,1.74562,-0.269547,2.09978,-0.662494,2.33028,-0.269547,2.09978,-0.662494,2.33028,-0.269547,2.09978,-0.662494,2.33028,-0.269547,2.09978,-0.662494,2.33028,-0.281357,2.23325,-0.714289,2.03269,
0.0343406,1.42266,-0.401523,1.25204,0.0343406,1.42266,-0.401523,1.25204,0.0343406,1.42266,-0.401523,1.25204,0.0343406,1.42266,-0.401523,1.25204,-0.00203905,1.55794,-0.357933,1.74562,-0.269406,2.10017,-0.662354,2.33067,-0.269406,2.10017,-0.662354,2.33067,-0.269406,2.10017,-0.662354,2.33067,-0.269406,2.10017,-0.662354,2.33067,-0.281217,2.23474,-0.714149,2.03418,
0.0343406,1.42266,-0.401523,1.25204,0.0343406,1.42266,-0.401523,1.25204,0.0343406,1.42266,-0.401523,1.25204,-0.00203905,1.55794,-0.357933,1.74562,-0.170229,1.7214,-0.570229,1.9519,-0.170229,1.7214,-0.570229,1.9519,-0.170229,1.7214,-0.570229,1.9519,-0.170229,1.7214,-0.570229,1.9519,-0.200229,1.9519,-0.600229,1.7214,-0.277709,2.08704,-0.677709,1.85654,
0.0343406,1.42266,-0.401523,1.25204,0.0343406,1.42266,-0.401523,1.25204,0.0343406,1.42266,-0.401523,1.25204,-0.00203905,1.55794,-0.357933,1.74562,-0.260271,2.05621,-0.653218,2.28671,-0.260271,2.05621,-0.653218,2.28671,-0.260271,2.05621,-0.653218,2.28671,-0.260271,2.05621,-0.653218,2.28671,-0.272081,2.26172,-0.705013,2.05621,-0.578503,3.10078,-0.978503,2.87028,
0.0343406,1.42266,-0.401523,1.25204,0.0343406,1.42266,-0.401523,1.25204,0.0343406,1.42266,-0.401523,1.25204,-0.00203905,1.55794,-0.357933,1.74562,-0.196071,2.03492,-0.596071,2.24401,-0.196071,2.03492,-0.596071,2.24401,-0.196071,2.03492,-0.596071,2.24401,-0.196071,2.03492,-0.596071,2.24401,-0.226071,2.13329,-0.626071,1.90279,-0.398046,2.74241,-0.798046,2.51191,
0.0343406,1.42266,-0.401523,1.25204,0.0343406,1.42266,-0.401523,1.25204,0.0343406,1.42266,-0.401523,1.25204,-0.00203905,1.55794,-0.357933,1.74562,-0.185698,2.06685,-0.585698,2.28606,-0.185698,2.06685,-0.585698,2.28606,-0.185698,2.06685,-0.585698,2.28606,-0.185698,2.06685,-0.585698,2.28606,-0.215698,2.13735,-0.621649,1.92402,-0.411775,2.8265,-0.811775,2.596,
0.0343406,1.42266,-0.401523,1.25204,0.0343406,1.42266,-0.401523,1.25204,0.0343406,1.42266,-0.401523,1.25204,-0.00203905,1.55794,-0.357933,1.74562,-0.17848,2.06219,-0.57848,2.27128,-0.17848,2.06219,-0.57848,2.27128,-0.17848,2.06219,-0.57848,2.27128,-0.17848,2.06219,-0.57848,2.27128,-0.20848,2.14018,-0.609679,1.90968,-0.387836,2.79694,-0.787836,2.56644,
0.0343406,1.42266,-0.401523,1.25204,0.0343406,1.42266,-0.401523,1.25204,0.0343406,1.42266,-0.401523,1.25204,-0.00203905,1.55794,-0.357933,1.74562,-0.177271,2.07015,-0.577271,2.27982,-0.177271,2.07015,-0.577271,2.27982,-0.177271,2.07015,-0.577271,2.27982,-0.177271,2.07015,-0.577271,2.27982,-0.207271,2.14065,-0.61091,1.91778,-0.390296,2.81402,-0.790296,2.58352,
0.0343406,1.42266,-0.401523,1.25204,0.0343406,1.42266,-0.401523,1.25204,0.0343406,1.42266,-0.401523,1.25204,-0.00203905,1.55794,-0.357933,1.74562,-0.176033,2.06753,-0.576033,2.27662,-0.176033,2.06753,-0.576033,2.27662,-0.176033,2.06753,-0.576033,2.27662,-0.176033,2.06753,-0.576033,2.27662,-0.206033,2.14113,-0.60852,1.91458,-0.385517,2.80762,-0.785517,2.57712,
0.0343406,1.42266,-0.401523,1.25204,0.0343406,1.42266,-0.401523,1.25204,-0.00203905,1.55794,-0.357933,1.74562,-0.177345,1.74048,-0.577345,1.97098,-0.177345,1.74048,-0.577345,1.97098,-0.177345,1.74048,-0.577345,1.97098,-0.177345,1.74048,-0.577345,1.97098,-0.207345,1.97098,-0.607345,1.74048,-0.278519,2.1021,-0.678519,1.8716,-0.278519,2.1021,-0.678519,1.8716,
0.0343406,1.42266,-0.401523,1.25204,0.0343406,1.42266,-0.401523,1.25204,-0.00203905,1.55794,-0.357933,1.74562,-0.193007,2.01319,-0.593007,2.24369,-0.193007,2.01319,-0.593007,2.24369,-0.193007,2.01319,-0.593007,2.24369,-0.193007,2.01319,-0.593007,2.24369,-0.223007,2.08369,-0.623007,1.88275,-0.391535,2.74396,-0.791535,2.51346,-0.391535,2.74396,-0.791535,2.51346,
0.0343406,1.42266,-0.401523,1.25204,0.0343406,1.42266,-0.401523,1.25204,-0.00203905,1.55794,-0.357933,1.74562,-0.172494,1.91252,-0.572494,2.12161,-0.172494,1.91252,-0.572494,2.12161,-0.172494,1.91252,-0.572494,2.12161,-0.172494,1.91252,-0.572494,2.12161,-0.202494,2.09172,-0.602494,1.86122,-0.256732,2.49759,-0.677779,2.26709,-0.256732,2.49759,-0.677779,2.26709,
0.0343406,1.42266,-0.401523,1.25204,0.0343406,1.42266,-0.401523,1.25204,-0.00203905,1.55794,-0.357933,1.74562,-0.172494,1.96747,-0.572494,2.17655,-0.172494,1.96747,-0.572494,2.17655,-0.172494,1.96747,-0.572494,2.17655,-0.172494,1.96747,-0.572494,2.17655,-0.202494,2.09172,-0.602494,1.86122,-0.303542,2.60749,-0.703542,2.37699,-0.303542,2.60749,-0.703542,2.37699,
0.0343406,1.42266,-0.401523,1.25204,0.0343406,1.42266,-0.401523,1.25204,-0.00203905,1.55794,-0.357933,1.74562,-0.172494,1.93931,-0.572494,2.1484,-0.172494,1.93931,-0.572494,2.1484,-0.172494,1.93931,-0.572494,2.1484,-0.172494,1.93931,-0.572494,2.1484,-0.202494,2.09172,-0.602494,1.86122,-0.303542,2.55117,-0.703542,2.32067,-0.303542,2.55117,-0.703542,2.32067,
0.0343406,1.42266,-0.401523,1.25204,0.0343406,1.42266,-0.401523,1.25204,-0.00203905,1.55794,-0.357933,1.74562,-0.172494,1.95374,-0.572494,2.16283,-0.172494,1.95374,-0.572494,2.16283,-0.172494,1.95374,-0.572494,2.16283,-0.172494,1.95374,-0.572494,2.16283,-0.202494,2.09172,-0.602494,1.86122,-0.303542,2.58003,-0.703542,2.34953,-0.303542,2.58003,-0.703542,2.34953,
0.0343406,1.42266,-0.401523,1.25204,0.0343406,1.42266,-0.401523,1.25204,-0.00203905,1.55794,-0.357933,1.74562,-0.172494,1.94634,-0.572494,2.15543,-0.172494,1.94634,-0.572494,2.15543,-0.172494,1.94634,-0.572494,2.15543,-0.172494,1.94634,-0.572494,2.15543,-0.202494,2.09172,-0.602494,1.86122,-0.303542,2.56524,-0.703542,2.33474,-0.303542,2.56524,-0.703542,2.33474,
0.0343406,1.42266,-0.401523,1.25204,-0.00203905,1.55794,-0.357933,1.74562,-0.183119,1.74269,-0.583119,1.97319,-0.183119,1.74269,-0.583119,1.97319,-0.183119,1.74269,-0.583119,1.97319,-0.183119,1.74269,-0.583119,1.97319,-0.213119,1.97319,-0.613119,1.74269,-0.27763,2.08437,-0.679332,1.85387,-0.27763,2.08437,-0.679332,1.85387,-0.27763,2.08437,-0.679332,1.85387,
0.0343406,1.42266,-0.401523,1.25204,-0.00203905,1.55794,-0.357933,1.74562,-0.178325,1.85335,-0.578325,2.06244,-0.178325,1.85335,-0.578325,2.06244,-0.178325,1.85335,-0.578325,2.06244,-0.178325,1.85335,-0.578325,2.06244,-0.208325,2.02747,-0.608325,1.79697,-0.258618,2.37927,-0.678896,2.14877,-0.258618,2.37927,-0.678896,2.14877,-0.258618,2.37927,-0.678896,2.14877,
0.0343406,1.42266,-0.401523,1.25204,-0.00203905,1.55794,-0.357933,1.74562,-0.178325,1.80339,-0.578325,2.02747,-0.178325,1.80339,-0.578325,2.02747,-0.178325,1.80339,-0.578325,2.02747,-0.178325,1.80339,-0.578325,2.02747,-0.208325,2.02747,-0.608325,1.79697,-0.264278,2.27935,-0.678896,2.04885,-0.264278,2.27935,-0.678896,2.04885,-0.264278,2.27935,-0.678896,2.04885,
0.0343406,1.42266,-0.401523,1.25204,-0.00203905,1.55794,-0.357933,1.74562,-0.178325,1.82132,-0.578325,2.03041,-0.178325,1.82132,-0.578325,2.03041,-0.178325,1.82132,-0.578325,2.03041,-0.178325,1.82132,-0.578325,2.03041,-0.208325,2.02747,-0.608325,1.79697,-0.264278,2.31519,-0.678896,2.08469,-0.264278,2.31519,-0.678896,2.08469,-0.264278,2.31519,-0.678896,2.08469,
0.0343406,1.42266,-0.401523,1.25204,-0.00203905,1.55794,-0.357933,1.74562,-0.178325,1.81981,-0.578325,2.0289,-0.178325,1.81981,-0.578325,2.0289,-0.178325,1.81981,-0.578325,2.0289,-0.178325,1.81981,-0.578325,2.0289,-0.208325,2.02747,-0.608325,1.79697,-0.264278,2.31219,-0.678896,2.08169,-0.264278,2.31219,-0.678896,2.08169,-0.264278,2.31219,-0.678896,2.08169,
-0.00203905,1.55794,-0.357933,1.74562,-0.184755,1.76251,-0.584755,1.99301,-0.184755,1.76251,-0.584755,1.99301,-0.184755,1.76251,-0.584755,1.99301,-0.184755,1.76251,-0.584755,1.99301,-0.214755,1.99301,-0.614755,1.76251,-0.269703,2.10325,-0.687475,1.87275,-0.269703,2.10325,-0.687475,1.87275,-0.269703,2.10325,-0.687475,1.87275,-0.269703,2.10325,-0.687475,1.87275,
-0.00203905,1.55794,-0.357933,1.74562,-0.179798,1.74894,-0.579798,1.97944,-0.179798,1.74894,-0.579798,1.97944,-0.179798,1.74894,-0.579798,1.97944,-0.179798,1.74894,-0.579798,1.97944,-0.209798,1.97944,-0.609798,1.74894,-0.264431,2.07377,-0.687024,1.8467,-0.264431,2.07377,-0.687024,1.8467,-0.264431,2.07377,-0.687024,1.8467,-0.264431,2.07377,-0.687024,1.8467,
-0.00203905,1.55794,-0.357933,1.74562,-0.00203905,1.55794,-0.357933,1.74562,-0.00203905,1.55794,-0.357933,1.74562,-0.00203905,1.55794,-0.357933,1.74562,-0.172615,1.97546,-0.638424,1.76065,-0.221527,2.04356,-0.684031,1.82091,-0.221527,2.04356,-0.684031,1.82091,-0.221527,2.04356,-0.684031,1.82091,-0.221527,2.04356,-0.684031,1.82091,-0.190046,1.77712,-0.590046,2.00762,
-0.00203905,1.55794,-0.357933,1.74562,-0.00203905,1.55794,-0.357933,1.74562,-0.00203905,1.55794,-0.357933,1.74562,-0.00203905,1.55794,-0.357933,1.74562,-0.172615,1.97546,-0.638424,1.76065,-0.378242,2.24959,-0.799901,2.01909,-0.378242,2.24959,-0.799901,2.01909,-0.378242,2.24959,-0.799901,2.01909,-0.378242,2.24959,-0.799901,2.01909,-0.262954,2.01909,-0.655901,2.24815,
-0.00203905,1.55794,-0.357933,1.74562,-0.00203905,1.55794,-0.357933,1.74562,-0.00203905,1.55794,-0.357933,1.74562,-0.00203905,1.55794,-0.357933,1.74562,-0.172615,1.97546,-0.638424,1.76065,-0.328454,2.22538,-0.776358,2.00272,-0.328454,2.22538,-0.776358,2.00272,-0.328454,2.22538,-0.776358,2.00272,-0.328454,2.22538,-0.776358,2.00272,-0.213166,1.90137,-0.609901,2.11046,
-0.00203905,1.55794,-0.357933,1.74562,-0.00203905,1.55794,-0.357933,1.74562,-0.00203905,1.55794,-0.357933,1.74562,-0.00203905,1.55794,-0.357933,1.74562,-0.172615,1.97546,-0.638424,1.76065,-0.332248,2.24959,-0.780152,2.01909,-0.332248,2.24959,-0.780152,2.01909,-0.332248,2.24959,-0.780152,2.01909,-0.332248,2.24959,-0.780152,2.01909,-0.21696,1.93421,-0.609907,2.1433,
-0.00203905,1.55794,-0.357933,1.74562,-0.00203905,1.55794,-0.357933,1.74562,-0.00203905,